0.687872 0.676098
0.714493 0.652736
0.717634 0.650850
0.695449 0.673212
0.659898 0.696623
0.639739 0.704924
0.653508 0.697634
0.694048 0.669585
0.726693 0.636182
0.744784 0.610307
0.748895 0.605174
0.739194 0.624085
0.713738 0.657746
0.674013 0.690200
0.630784 0.710360
0.600371 0.717853
0.594281 0.717726
0.614144 0.711824
0.652158 0.696668
0.700830 0.661994
0.732770 0.625522
0.753790 0.589177
0.765293 0.561925
0.769800 0.550760
0.768566 0.558773
0.760417 0.584491
0.742435 0.621766
0.712297 0.661109
0.671218 0.693361
0.625483 0.713601
0.584522 0.722373
0.556612 0.723882
0.546180 0.722764
0.554165 0.721249
0.579047 0.718047
0.616696 0.709301
0.660058 0.691034
0.708090 0.653207
0.737381 0.616084
0.757748 0.576281
0.770206 0.539389
0.776894 0.510597
0.780105 0.493654
0.781409 0.490644
0.781059 0.502170
0.777829 0.527325
0.769365 0.563310
0.752973 0.605211
0.726702 0.646726
0.690512 0.681919
0.647124 0.707003
0.601786 0.721110
0.560645 0.725965
0.528648 0.724904
0.508473 0.721632
0.500900 0.719046
0.505770 0.718427
0.522588 0.719176
0.550386 0.719073
0.587061 0.714962
0.628875 0.703696
0.670839 0.683168
0.715684 0.643096
0.741754 0.606187
0.760297 0.565779
0.771960 0.525543
0.778162 0.489119
0.780706 0.459445
0.781415 0.438487
0.781774 0.427356
0.782641 0.426611
0.784050 0.436474
0.785176 0.456825
0.784462 0.486921
0.779889 0.524992
0.769351 0.567963
0.751079 0.611692
0.724126 0.651792
0.688872 0.684674
0.647364 0.708271
0.603171 0.722198
0.560573 0.727525
0.523391 0.726361
0.494124 0.721366
0.473809 0.715234
0.462452 0.710197
0.459641 0.707670
0.465005 0.708082
0.478389 0.710874
0.499714 0.714623
0.528605 0.717277
0.563932 0.716483
0.603504 0.709973
0.644197 0.695973
0.682567 0.673582
0.723451 0.631531
0.746668 0.594208
0.763129 0.553292
0.773305 0.511558
0.778188 0.471826
0.779108 0.436478
0.777559 0.407179
0.775036 0.384880
0.772862 0.370007
0.772027 0.362715
0.773048 0.363100
0.775880 0.371310
0.779908 0.387532
0.784009 0.411847
0.786686 0.443958
0.786240 0.482844
0.780960 0.526510
0.769321 0.572008
0.750199 0.615873
0.723137 0.654817
0.688630 0.686373
0.648332 0.709211
0.604986 0.723131
0.561941 0.728876
0.522393 0.727903
0.488707 0.722147
0.462120 0.713763
0.442873 0.704855
0.430574 0.697212
0.424605 0.692118
0.424430 0.690263
0.429781 0.691726
0.440686 0.696011
0.457376 0.702117
0.480079 0.708622
0.508733 0.713816
0.542688 0.715870
0.580511 0.713035
0.620017 0.703839
0.658596 0.687282
0.693724 0.663020
0.731214 0.618381
0.751365 0.581134
0.765501 0.540587
0.773964 0.498905
0.777433 0.458309
0.776826 0.420733
0.773229 0.387595
0.767820 0.359734
0.761797 0.337499
0.756291 0.320907
0.752269 0.309820
0.750451 0.304091
0.751230 0.303664
0.754628 0.308627
0.760282 0.319221
0.767464 0.335790
0.775145 0.358676
0.782080 0.388046
0.786917 0.423657
0.788290 0.464618
0.784919 0.509244
0.775691 0.555127
0.759761 0.599469
0.736693 0.639590
0.706635 0.673374
0.670498 0.699517
0.630022 0.717531
0.587636 0.727633
0.546051 0.730588
0.507743 0.727583
0.474515 0.720110
0.447322 0.709835
0.426346 0.698448
0.411227 0.687505
0.401326 0.678289
0.395961 0.671728
0.394576 0.668366
0.396839 0.668379
0.402684 0.671599
0.412292 0.677550
0.426016 0.685469
0.444271 0.694340
0.467369 0.702940
0.495336 0.709914
0.527730 0.713872
0.563529 0.713496
0.601146 0.707644
0.638606 0.695451
0.673868 0.676422
0.705159 0.650543
0.738780 0.603526
0.756084 0.565995
0.767878 0.525578
0.774432 0.484103
0.776243 0.443434
0.773975 0.405207
0.768427 0.370651
0.760498 0.340514
0.751160 0.315109
0.741414 0.294418
0.732238 0.278225
0.724530 0.266225
0.719044 0.258123
0.716341 0.253698
0.716744 0.252846
0.720312 0.255609
0.726825 0.262177
0.735792 0.272882
0.746476 0.288159
0.757936 0.308488
0.769095 0.334285
0.778812 0.365757
0.785946 0.402719
0.789417 0.444412
0.788240 0.489398
0.781566 0.535627
0.768726 0.580697
0.749308 0.622246
0.723275 0.658324
0.691104 0.687607
0.653897 0.709433
0.613384 0.723715
0.571751 0.730822
0.531305 0.731473
0.494076 0.726665
0.461528 0.717611
0.434435 0.705668
0.412943 0.692245
0.396734 0.678695
0.385210 0.666208
0.377670 0.655736
0.373442 0.647959
0.371983 0.643285
0.372934 0.641880
0.376150 0.643696
0.381698 0.648498
0.389835 0.655877
0.400958 0.665251
0.415534 0.675869
0.434012 0.686825
0.456706 0.697090
0.483672 0.705560
0.514586 0.711127
0.548667 0.712740
0.584681 0.709472
0.621052 0.700577
0.656071 0.685545
0.688145 0.664169
0.715997 0.636621
0.745944 0.586862
0.760152 0.550024
0.769512 0.510878
0.774223 0.470908
0.774622 0.431609
0.771157 0.394308
0.764364 0.360026
0.754865 0.329426
0.743352 0.302819
0.730579 0.280235
0.717338 0.261500
0.704427 0.246322
0.692612 0.234359
0.682593 0.225270
0.674968 0.218755
0.670203 0.214586
0.668615 0.212619
0.670356 0.212815
0.675403 0.215241
0.683554 0.220075
0.694422 0.227601
0.707448 0.238197
0.721920 0.252315
0.737006 0.270442
0.751801 0.293041
0.765375 0.320473
0.776822 0.352873
0.785293 0.390022
0.790013 0.431224
0.790297 0.475247
0.785552 0.520383
0.775300 0.564649
0.759217 0.606071
0.737201 0.642960
0.709470 0.674090
0.676656 0.698740
0.639864 0.716644
0.600636 0.727896
0.560800 0.732872
0.522219 0.732159
0.486522 0.726525
0.454906 0.716891
0.428051 0.704296
0.406153 0.689847
0.389021 0.674651
0.376205 0.659744
0.367111 0.646021
0.361101 0.634194
0.357572 0.624777
0.356010 0.618097
0.356027 0.614316
0.357381 0.613463
0.359987 0.615463
0.363911 0.620147
0.369357 0.627262
0.376642 0.636460
0.386168 0.647293
0.398376 0.659202
0.413698 0.671524
0.432491 0.683498
0.454961 0.694300
0.481088 0.703078
0.510549 0.708995
0.542685 0.711268
0.576507 0.709208
0.610777 0.702242
0.644143 0.689953
0.675304 0.672111
0.703154 0.648724
0.726870 0.620094
0.752485 0.568316
0.763965 0.531396
0.770961 0.492704
0.773638 0.453553
0.772253 0.415239
0.767136 0.378892
0.758683 0.345380
0.747360 0.315267
0.733697 0.288824
0.718289 0.266078
0.701787 0.246874
0.684879 0.230944
0.668265 0.217955
0.652624 0.207550
0.638592 0.199386
0.626727 0.193147
0.617501 0.188567
0.611284 0.185439
0.608338 0.183624
0.608820 0.183061
0.612771 0.183767
0.620119 0.185841
0.630665 0.189468
0.644077 0.194909
0.659888 0.202504
0.677501 0.212657
0.696207 0.225824
0.715216 0.242489
0.733700 0.263126
0.750833 0.288140
0.765831 0.317787
0.777979 0.352071
0.786638 0.390634
0.791247 0.432669
0.791320 0.476910
0.786438 0.521718
0.776269 0.565281
0.760590 0.605862
0.739354 0.642008
0.712759 0.672682
0.681332 0.697274
0.645988 0.715548
0.608016 0.727563
0.568987 0.733593
0.530564 0.734083
0.494294 0.729617
0.461412 0.720902
0.432738 0.708765
0.408666 0.694117
0.389214 0.677923
0.374114 0.661143
0.362910 0.644674
0.355038 0.629293
0.349900 0.615625
0.346917 0.604127
0.345570 0.595099
0.345426 0.588703
0.346166 0.584997
0.347585 0.583959
0.349602 0.585511
0.352251 0.589535
0.355681 0.595870
0.360132 0.604312
0.365928 0.614598
0.373454 0.626394
0.383128 0.639281
0.395368 0.652752
0.410556 0.666219
0.428988 0.679021
0.450817 0.690456
0.476000 0.699813
0.504244 0.706396
0.534978 0.709561
0.567366 0.708736
0.600359 0.703436
0.632799 0.693291
0.663539 0.678062
0.691563 0.657678
0.716063 0.632281
0.736478 0.602266
0.758172 0.547853
0.766839 0.511701
0.771491 0.474357
0.772257 0.436930
0.769319 0.400486
0.762909 0.365943
0.753302 0.334005
0.740826 0.305134
0.725863 0.279565
0.708851 0.257336
0.690288 0.238334
0.670719 0.222348
0.650725 0.209101
0.630896 0.198282
0.611811 0.189575
0.594013 0.182668
0.577988 0.177270
0.564155 0.173117
0.552859 0.169981
0.544374 0.167675
0.538906 0.166058
0.536599 0.165040
0.537543 0.164585
0.541769 0.164713
0.549251 0.165502
0.559890 0.167086
0.573512 0.169658
0.589844 0.173463
0.608510 0.178799
0.629026 0.186012
0.650807 0.195486
0.673185 0.207640
0.695445 0.222907
0.716858 0.241714
0.736721 0.264439
0.754386 0.291360
0.769275 0.322581
0.780891 0.357945
0.788804 0.396959
0.792646 0.438749
0.792098 0.482082
0.786885 0.525471
0.776787 0.567349
0.761667 0.606259
0.741511 0.641013
0.716489 0.670760
0.687021 0.694998
0.653820 0.713518
0.617908 0.726341
0.580555 0.733656
0.543164 0.735776
0.507115 0.733118
0.473604 0.726195
0.443536 0.715613
0.417473 0.702063
0.395651 0.686312
0.378025 0.669165
0.364342 0.651434
0.354202 0.633881
0.347122 0.617182
0.342580 0.601893
0.340056 0.588435
0.339059 0.577095
0.339155 0.568040
0.339977 0.561344
0.341242 0.557009
0.342753 0.554991
0.344403 0.555219
0.346172 0.557606
0.348122 0.562057
0.350392 0.568465
0.353190 0.576707
0.356781 0.586627
0.361480 0.598031
0.367636 0.610666
0.375617 0.624212
0.385788 0.638282
0.398489 0.652416
0.414001 0.666097
0.432516 0.678768
0.454092 0.689853
0.478618 0.698779
0.505782 0.705000
0.535060 0.708016
0.565726 0.707381
0.596902 0.702720
0.627627 0.693737
0.656950 0.680231
0.684009 0.662120
0.708097 0.639471
0.728688 0.612530
0.745439 0.581762
0.762763 0.525496
0.768773 0.490050
0.771129 0.453958
0.769929 0.418176
0.765309 0.383588
0.757436 0.350941
0.746510 0.320797
0.732773 0.293524
0.716510 0.269303
0.698062 0.248161
0.677823 0.230008
0.656241 0.214665
0.633807 0.201904
0.611036 0.191460
0.588450 0.183059
0.566555 0.176422
0.545815 0.171277
0.526642 0.167367
0.509383 0.164448
0.494321 0.162300
0.481676 0.160728
0.471616 0.159562
0.464266 0.158669
0.459716 0.157946
0.458037 0.157331
0.459277 0.156803
0.463469 0.156382
0.470628 0.156131
0.480739 0.156156
0.493752 0.156602
0.509560 0.157657
0.527985 0.159543
0.548764 0.162521
0.571532 0.166881
0.595826 0.172947
0.621088 0.181067
0.646690 0.191612
0.671966 0.204968
0.696248 0.221514
0.718902 0.241607
0.739355 0.265537
0.757113 0.293480
0.771757 0.325433
0.782942 0.361145
0.790379 0.400061
0.793823 0.441301
0.793057 0.483699
0.787895 0.525906
0.778186 0.566538
0.763835 0.604329
0.744839 0.638250
0.721338 0.667564
0.693661 0.691822
0.662373 0.710825
0.628294 0.724562
0.592469 0.733162
0.556097 0.736853
0.520411 0.735945
0.486552 0.730817
0.455459 0.721925
0.427808 0.709798
0.403990 0.695040
0.384139 0.678315
0.368176 0.660328
0.355859 0.641785
0.346834 0.623361
0.340677 0.605658
0.336928 0.589180
0.335121 0.574318
0.334804 0.561342
0.335557 0.550418
0.337008 0.541619
0.338845 0.534950
0.340815 0.530368
0.342739 0.527806
0.344502 0.527181
0.346058 0.528411
0.347422 0.531421
0.348671 0.536142
0.349935 0.542507
0.351392 0.550448
0.353266 0.559883
0.355818 0.570706
0.359337 0.582774
0.364137 0.595897
0.370541 0.609828
0.378868 0.624258
0.389421 0.638822
0.402463 0.653100
0.418194 0.666634
0.436722 0.678943
0.458039 0.689542
0.481989 0.697958
0.508252 0.703747
0.536335 0.706505
0.565594 0.705876
0.595268 0.701555
0.624534 0.693303
0.652582 0.680952
0.678667 0.664420
0.702167 0.643742
0.722597 0.619085
0.739624 0.590785
0.753044 0.559356
0.766005 0.501336
0.769457 0.466680
0.769539 0.431895
0.766330 0.397801
0.759930 0.365132
0.750465 0.334486
0.738086 0.306302
0.722978 0.280856
0.705369 0.258279
0.685536 0.238575
0.663810 0.221659
0.640575 0.207377
0.616262 0.195533
0.591338 0.185904
0.566280 0.178255
0.541563 0.172347
0.517628 0.167940
0.494874 0.164802
0.473638 0.162707
0.454191 0.161441
0.436743 0.160799
0.421445 0.160593
0.408399 0.160650
0.397672 0.160815
0.389306 0.160958
0.383328 0.160973
0.379761 0.160783
0.378629 0.160341
0.379961 0.159634
0.383794 0.158681
0.390171 0.157536
0.399132 0.156288
0.410715 0.155056
0.424934 0.153991
0.441773 0.153270
0.461159 0.153098
0.482954 0.153702
0.506926 0.155332
0.532746 0.158258
0.559981 0.162768
0.588103 0.169172
0.616512 0.177793
0.644568 0.188968
0.671631 0.203034
0.697094 0.220321
0.720417 0.241119
0.741138 0.265651
0.758880 0.294021
0.773343 0.326158
0.784288 0.361765
0.791521 0.400268
0.794876 0.440820
0.794208 0.482330
0.789384 0.523570
0.780297 0.563291
0.766876 0.600358
0.749119 0.633846
0.727133 0.663080
0.701173 0.687641
0.671686 0.707321
0.639332 0.722084
0.604977 0.732012
0.569647 0.737272
0.534444 0.738100
0.500442 0.734784
0.468588 0.727671
0.439628 0.717169
0.414075 0.703754
0.392205 0.687965
0.374085 0.670398
0.359617 0.651681
0.348571 0.632453
0.340630 0.613322
0.335417 0.594839
0.332522 0.577470
0.331526 0.561580
0.332012 0.547429
0.333585 0.535176
0.335882 0.524895
0.338581 0.516590
0.341409 0.510216
0.344147 0.505697
0.346630 0.502940
0.348747 0.501851
0.350441 0.502343
0.351704 0.504342
0.352575 0.507788
0.353135 0.512637
0.353506 0.518852
0.353844 0.526406
0.354337 0.535264
0.355206 0.545382
0.356692 0.556689
0.359059 0.569083
0.362586 0.582420
0.367557 0.596505
0.374256 0.611089
0.382951 0.625872
0.393884 0.640506
0.407252 0.654605
0.423188 0.667757
0.441739 0.679543
0.462843 0.689545
0.486314 0.697365
0.511824 0.702634
0.538910 0.705018
0.566983 0.704221
0.595369 0.699995
0.623350 0.692142
0.650219 0.680520
0.675326 0.665058
0.698119 0.645774
0.718160 0.622795
0.735132 0.596379
0.748827 0.566935
0.759132 0.535021
0.767633 0.475550
0.768593 0.442132
0.766464 0.409055
0.761306 0.376998
0.753194 0.346546
0.742221 0.318161
0.728503 0.292168
0.712189 0.268764
0.693463 0.248030
0.672558 0.229956
0.649758 0.214460
0.625400 0.201409
0.599867 0.190639
0.573580 0.181967
0.546979 0.175197
0.520505 0.170132
0.494578 0.166572
0.469576 0.164320
0.445825 0.163183
0.423589 0.162971
0.403068 0.163499
0.384399 0.164586
0.367670 0.166058
0.352923 0.167749
0.340170 0.169502
0.329401 0.171173
0.320594 0.172633
0.313725 0.173770
0.308770 0.174492
0.305718 0.174731
0.304568 0.174446
0.305336 0.173621
0.308054 0.172268
0.312770 0.170430
0.319549 0.168174
0.328467 0.165596
0.339603 0.162818
0.353039 0.159983
0.368840 0.157253
0.387047 0.154809
0.407654 0.152848
0.430596 0.151578
0.455726 0.151220
0.482800 0.152007
0.511471 0.154184
0.541290 0.158005
0.571717 0.163741
0.602155 0.171669
0.631981 0.182080
0.660586 0.195263
0.687411 0.211501
0.711972 0.231047
0.733870 0.254101
0.752791 0.280767
0.768499 0.311015
0.780813 0.344626
0.789596 0.381159
0.794734 0.419930
0.796128 0.460034
0.793683 0.500410
0.787315 0.539933
0.776954 0.577528
0.762570 0.612262
0.744193 0.643405
0.721952 0.670449
0.696109 0.693091
0.667089 0.711196
0.635501 0.724758
0.602124 0.733862
0.567870 0.738654
0.533714 0.739332
0.500614 0.736133
0.469427 0.729339
0.440846 0.719284
0.415371 0.706357
0.393300 0.691008
0.374751 0.673739
0.359691 0.655099
0.347967 0.635658
0.339336 0.615982
0.333498 0.596604
0.330107 0.578001
0.328799 0.560566
0.329197 0.544604
0.330932 0.530326
0.333647 0.517856
0.337011 0.507241
0.340722 0.498468
0.344521 0.491477
0.348187 0.486180
0.351547 0.482476
0.354469 0.480256
0.356866 0.479420
0.358694 0.479880
0.359943 0.481563
0.360642 0.484414
0.360850 0.488399
0.360654 0.493496
0.360171 0.499698
0.359540 0.507005
0.358926 0.515414
0.358513 0.524920
0.358506 0.535498
0.359126 0.547103
0.360606 0.559655
0.363191 0.573038
0.367127 0.587090
0.372659 0.601604
0.380020 0.616327
0.389420 0.630964
0.401039 0.645186
0.415004 0.658642
0.431383 0.670968
0.450159 0.681801
0.471221 0.690792
0.494346 0.697608
0.519198 0.701948
0.545332 0.703541
0.572212 0.702148
0.599237 0.697572
0.625785 0.689653
0.651248 0.678279
0.675072 0.663399
0.696781 0.645031
0.715997 0.623280
0.732438 0.598363
0.745909 0.570613
0.756295 0.540491
0.763540 0.508579
0.767371 0.448402
0.765930 0.416637
0.761668 0.385612
0.754628 0.355868
0.744869 0.327851
0.732461 0.301901
0.717500 0.278247
0.700106 0.257017
0.680439 0.238253
0.658703 0.221930
0.635148 0.207970
0.610077 0.196260
0.583835 0.186665
0.556806 0.179033
0.529395 0.173208
0.502008 0.169030
0.475039 0.166339
0.448845 0.164974
0.423735 0.164779
0.399964 0.165597
0.377722 0.167272
0.357143 0.169649
0.338306 0.172574
0.321245 0.175892
0.305957 0.179451
0.292414 0.183103
0.280569 0.186703
0.270365 0.190112
0.261743 0.193203
0.254645 0.195856
0.249019 0.197971
0.244825 0.199460
0.242035 0.200258
0.240633 0.200318
0.240622 0.199618
0.242022 0.198160
0.244868 0.195969
0.249215 0.193095
0.255135 0.189611
0.262713 0.185614
0.272049 0.181219
0.283254 0.176559
0.296440 0.171783
0.311717 0.167054
0.329180 0.162542
0.348897 0.158426
0.370893 0.154891
0.395131 0.152127
0.421498 0.150328
0.449783 0.149692
0.479676 0.150427
0.510761 0.152742
0.542535 0.156861
0.574428 0.163013
0.605839 0.171436
0.636178 0.182375
0.664895 0.196074
0.691512 0.212763
0.715639 0.232642
0.736969 0.255855
0.755277 0.282457
0.770404 0.312376
0.782236 0.345374
0.790691 0.381019
0.795700 0.418674
0.797203 0.457520
0.795138 0.496610
0.789446 0.534945
0.780075 0.571569
0.767000 0.605645
0.750236 0.636504
0.729873 0.663666
0.706099 0.686828
0.679233 0.705838
0.649739 0.720658
0.618236 0.731333
0.585472 0.737966
0.552285 0.740700
0.519537 0.739713
0.488051 0.735213
0.458545 0.727447
0.431591 0.716703
0.407598 0.703321
0.386805 0.687691
0.369309 0.670257
0.355079 0.651500
0.343987 0.631929
0.335834 0.612056
0.330364 0.592369
0.327285 0.573313
0.326283 0.555269
0.327030 0.538539
0.329193 0.523345
0.332446 0.509826
0.336478 0.498051
0.340996 0.488026
0.345736 0.479707
0.350465 0.473017
0.354984 0.467855
0.359133 0.464108
0.362786 0.461662
0.365856 0.460409
0.368287 0.460251
0.370054 0.461106
0.371161 0.462911
0.371637 0.465620
0.371534 0.469205
0.370923 0.473656
0.369895 0.478978
0.368561 0.485182
0.367046 0.492291
0.365492 0.500324
0.364056 0.509299
0.362913 0.519218
0.362245 0.530071
0.362251 0.541818
0.363134 0.554393
0.365107 0.567693
0.368379 0.581576
0.373160 0.595861
0.379646 0.610327
0.388017 0.624718
0.398424 0.638752
0.410982 0.652125
0.425755 0.664523
0.442744 0.675632
0.461875 0.685145
0.482988 0.692773
0.505830 0.698247
0.530058 0.701323
0.555245 0.701787
0.580901 0.699451
0.606497 0.694160
0.631495 0.685792
0.655383 0.674268
0.677696 0.659553
0.698040 0.641677
0.716095 0.620742
0.731624 0.596936
0.744458 0.570549
0.754490 0.541974
0.761664 0.511701
0.765956 0.480302
0.764931 0.420253
0.761160 0.390323
0.754786 0.361465
0.745841 0.334095
0.734374 0.308544
0.720444 0.285048
0.704136 0.263757
0.685561 0.244745
0.664868 0.228020
0.642248 0.213543
0.617939 0.201239
0.592224 0.191008
0.565430 0.182735
0.537917 0.176296
0.510062 0.171564
0.482247 0.168409
0.454836 0.166703
0.428165 0.166320
0.402521 0.167133
0.378140 0.169018
0.355201 0.171847
0.333825 0.175494
0.314085 0.179830
0.296006 0.184723
0.279579 0.190038
0.264767 0.195640
0.251513 0.201389
0.239746 0.207148
0.229390 0.212779
0.220367 0.218147
0.212599 0.223125
0.206015 0.227590
0.200552 0.231432
0.196155 0.234553
0.192779 0.236868
0.190394 0.238310
0.188979 0.238831
0.188530 0.238402
0.189055 0.237014
0.190575 0.234681
0.193129 0.231438
0.196770 0.227341
0.201564 0.222467
0.207594 0.216913
0.214958 0.210794
0.223765 0.204239
0.234137 0.197391
0.246202 0.190402
0.260093 0.183434
0.275940 0.176649
0.293858 0.170217
0.313941 0.164303
0.336242 0.159076
0.360759 0.154701
0.387417 0.151345
0.416053 0.149173
0.446402 0.148355
0.478098 0.149064
0.510678 0.151478
0.543607 0.155786
0.576304 0.162184
0.608183 0.170873
0.638691 0.182062
0.667334 0.195955
0.693701 0.212745
0.717470 0.232592
0.738403 0.255603
0.756336 0.281806
0.771161 0.311112
0.782807 0.343285
0.791230 0.377924
0.796391 0.414449
0.798257 0.452123
0.796788 0.490098
0.791944 0.527478
0.783684 0.563396
0.771984 0.597080
0.756848 0.627900
0.738333 0.655386
0.716570 0.679227
0.691791 0.699247
0.664347 0.715379
0.634723 0.727635
0.603525 0.736081
0.571462 0.740823
0.539299 0.741994
0.507804 0.739751
0.477693 0.734278
0.449581 0.725792
0.423953 0.714545
0.401153 0.700838
0.381383 0.685016
0.364725 0.667475
0.351154 0.648647
0.340564 0.628993
0.332787 0.608980
0.327606 0.589064
0.324772 0.569665
0.324010 0.551152
0.325031 0.533826
0.327538 0.517919
0.331234 0.503585
0.335827 0.490913
0.341039 0.479927
0.346607 0.470604
0.352294 0.462880
0.357891 0.456662
0.363218 0.451841
0.368127 0.448298
0.372502 0.445914
0.376256 0.444575
0.379332 0.444177
0.381700 0.444630
0.383351 0.445860
0.384299 0.447811
0.384574 0.450446
0.384224 0.453741
0.383310 0.457694
0.381906 0.462312
0.380100 0.467616
0.377990 0.473636
0.375689 0.480407
0.373319 0.487962
0.371015 0.496334
0.368923 0.505546
0.367199 0.515607
0.366010 0.526508
0.365531 0.538215
0.365941 0.550666
0.367424 0.563768
0.370164 0.577393
0.374340 0.591378
0.380121 0.605528
0.387662 0.619615
0.397094 0.633391
0.408518 0.646589
0.421993 0.658931
0.437528 0.670140
0.455074 0.679945
0.474510 0.688087
0.495639 0.694326
0.518191 0.698441
0.541819 0.700234
0.566117 0.699532
0.590636 0.696186
0.614906 0.690074
0.638461 0.681106
0.660865 0.669226
0.681727 0.654419
0.700715 0.636726
0.717567 0.616251
0.732079 0.593171
0.744109 0.567750
0.753564 0.540335
0.760389 0.511359
0.764559 0.481321
0.766070 0.450766
0.760008 0.391548
0.753999 0.363827
0.745596 0.337419
0.734829 0.312628
0.721737 0.289679
0.706380 0.268726
0.688837 0.249855
0.669220 0.233097
0.647672 0.218439
0.624382 0.205833
0.599577 0.195208
0.573530 0.186476
0.546547 0.179543
0.518966 0.174307
0.491136 0.170668
0.463408 0.168522
0.436115 0.167771
0.409561 0.168317
0.384008 0.170061
0.359668 0.172909
0.336703 0.176763
0.315223 0.181523
0.295292 0.187089
0.276931 0.193355
0.260128 0.200211
0.244847 0.207542
0.231028 0.215230
0.218600 0.223149
0.207484 0.231173
0.197594 0.239170
0.188848 0.247011
0.181161 0.254563
0.174457 0.261701
0.168663 0.268301
0.163713 0.274248
0.159549 0.279437
0.156123 0.283771
0.153395 0.287169
0.151332 0.289560
0.149914 0.290892
0.149130 0.291127
0.148979 0.290245
0.149470 0.288244
0.150623 0.285140
0.152470 0.280968
0.155054 0.275781
0.158430 0.269652
0.162663 0.262670
0.167834 0.254942
0.174033 0.246590
0.181364 0.237747
0.189941 0.228560
0.199889 0.219179
0.211343 0.209763
0.224440 0.200471
0.239320 0.191461
0.256117 0.182889
0.274948 0.174906
0.295903 0.167659
0.319035 0.161289
0.344335 0.155933
0.371724 0.151726
0.401036 0.148802
0.432005 0.147295
0.464266 0.147343
0.497367 0.149090
0.530784 0.152689
0.563957 0.158298
0.596321 0.166085
0.627346 0.176224
0.656563 0.188889
0.683583 0.204245
0.708105 0.222436
0.729909 0.243571
0.748849 0.267693
0.764833 0.294763
0.777809 0.324624
0.787751 0.356986
0.794642 0.391407
0.798468 0.427300
0.799210 0.463960
0.796843 0.500604
0.791337 0.536436
0.782666 0.570705
0.770813 0.602755
0.755788 0.632057
0.737648 0.658223
0.716512 0.680995
0.692584 0.700228
0.666172 0.715868
0.637694 0.727924
0.607677 0.736451
0.576738 0.741535
0.545552 0.743284
0.514806 0.741823
0.485158 0.737301
0.457190 0.729888
0.431384 0.719786
0.408099 0.707232
0.387578 0.692508
0.369948 0.675937
0.355243 0.657885
0.343415 0.638752
0.334356 0.618958
0.327906 0.598929
0.323872 0.579076
0.322030 0.559781
0.322140 0.541374
0.323944 0.524131
0.327180 0.508261
0.331579 0.493907
0.336876 0.481150
0.342815 0.470019
0.349152 0.460491
0.355661 0.452509
0.362137 0.445986
0.368401 0.440818
0.374301 0.436889
0.379712 0.434077
0.384538 0.432263
0.388706 0.431335
0.392171 0.431189
0.394905 0.431736
0.396902 0.432900
0.398173 0.434621
0.398741 0.436856
0.398641 0.439577
0.397921 0.442773
0.396635 0.446444
0.394847 0.450607
0.392631 0.455287
0.390066 0.460517
0.387241 0.466337
0.384252 0.472791
0.381207 0.479922
0.378220 0.487770
0.375415 0.496365
0.372925 0.505730
0.370892 0.515870
0.369462 0.526770
0.368790 0.538394
0.369034 0.550680
0.370353 0.563534
0.372904 0.576835
0.376839 0.590433
0.382302 0.604148
0.389421 0.617777
0.398305 0.631097
0.409037 0.643873
0.421665 0.655859
0.436195 0.666813
0.452583 0.676497
0.470731 0.684682
0.490475 0.691156
0.511590 0.695723
0.533790 0.698208
0.556733 0.698453
0.580039 0.696323
0.603301 0.691704
0.626110 0.684506
0.648071 0.674665
0.668818 0.662151
0.688034 0.646971
0.705451 0.629180
0.720855 0.608891
0.734084 0.586278
0.745025 0.561589
0.753598 0.535143
0.759759 0.507326
0.763483 0.478578
0.764763 0.449376
0.763601 0.420208
0.752284 0.362798
0.744089 0.337451
0.733679 0.313583
0.721083 0.291401
0.706344 0.271050
0.689523 0.252616
0.670708 0.236139
0.650015 0.221619
0.627597 0.209027
0.603642 0.198310
0.578381 0.189401
0.552081 0.182224
0.525037 0.176701
0.497567 0.172749
0.469996 0.170287
0.442644 0.169236
0.415811 0.169519
0.389768 0.171061
0.364744 0.173790
0.340925 0.177632
0.318448 0.182515
0.297405 0.188363
0.277848 0.195101
0.259791 0.202645
0.243219 0.210910
0.228091 0.219802
0.214351 0.229222
0.201930 0.239065
0.190748 0.249219
0.180724 0.259565
0.171773 0.269982
0.163813 0.280342
0.156762 0.290519
0.150544 0.300385
0.145087 0.309816
0.140324 0.318691
0.136194 0.326893
0.132642 0.334318
0.129621 0.340865
0.127089 0.346446
0.125012 0.350985
0.123362 0.354415
0.122119 0.356682
0.121270 0.357747
0.120810 0.357581
0.120739 0.356171
0.121068 0.353515
0.121814 0.349629
0.123003 0.344543
0.124669 0.338303
0.126854 0.330969
0.129610 0.322621
0.132999 0.313353
0.137090 0.303275
0.141964 0.292510
0.147713 0.281196
0.154437 0.269478
0.162249 0.257512
0.171268 0.245454
0.181626 0.233466
0.193459 0.221705
0.206907 0.210324
0.222110 0.199470
0.239201 0.189281
0.258298 0.179888
0.279490 0.171413
0.302828 0.163970
0.328308 0.157667
0.355855 0.152610
0.385309 0.148901
0.416418 0.146644
0.448833 0.145948
0.482119 0.146925
0.515774 0.149696
0.549258 0.154392
0.582024 0.161150
0.613558 0.170115
0.643401 0.181434
0.671171 0.195253
0.696571 0.211704
0.719385 0.230893
0.739469 0.252882
0.756738 0.277671
0.771148 0.305171
0.782681 0.335186
0.791335 0.367395
0.797111 0.401345
0.800005 0.436467
0.800010 0.472098
0.797108 0.507524
0.791277 0.542034
0.782496 0.574967
0.770754 0.605752
0.756062 0.633933
0.738471 0.659173
0.718083 0.681249
0.695076 0.700032
0.669713 0.715472
0.642356 0.727572
0.613459 0.736378
0.583562 0.741957
0.553262 0.744398
0.523181 0.743803
0.493925 0.740290
0.466049 0.733996
0.440029 0.725081
0.416242 0.713734
0.394959 0.700182
0.376352 0.684689
0.360501 0.667560
0.347410 0.649139
0.337021 0.629797
0.329227 0.609924
0.323880 0.589912
0.320805 0.570139
0.319804 0.550954
0.320660 0.532661
0.323143 0.515514
0.327016 0.499706
0.332037 0.485371
0.337961 0.472589
0.344551 0.461387
0.351577 0.451749
0.358823 0.443623
0.366091 0.436930
0.373203 0.431572
0.380005 0.427434
0.386366 0.424400
0.392182 0.422349
0.397373 0.421163
0.401879 0.420731
0.405664 0.420954
0.408708 0.421741
0.411008 0.423018
0.412575 0.424721
0.413431 0.426803
0.413604 0.429233
0.413135 0.431990
0.412068 0.435072
0.410452 0.438483
0.408344 0.442244
0.405804 0.446381
0.402898 0.450931
0.399696 0.455937
0.396278 0.461443
0.392725 0.467498
0.389131 0.474149
0.385592 0.481439
0.382216 0.489406
0.379115 0.498078
0.376410 0.507469
0.374229 0.517579
0.372704 0.528388
0.371972 0.539855
0.372171 0.551913
0.373440 0.564472
0.375916 0.577415
0.379731 0.590599
0.385004 0.603860
0.391847 0.617011
0.400348 0.629851
0.410576 0.642168
0.422568 0.653745
0.436325 0.664364
0.451809 0.673814
0.468931 0.681893
0.487552 0.688410
0.507479 0.693190
0.528465 0.696076
0.550220 0.696925
0.572413 0.695613
0.594692 0.692035
0.616693 0.686105
0.638060 0.677758
0.658459 0.666955
0.677587 0.653688
0.695186 0.637984
0.711039 0.619915
0.724977 0.599602
0.736872 0.577225
0.746631 0.553024
0.754194 0.527298
0.759523 0.500403
0.762597 0.472736
0.763408 0.444721
0.761955 0.416788
0.758244 0.389354
0.741427 0.334561
0.731089 0.311734
0.718697 0.290479
0.704285 0.270926
0.687905 0.253155
0.669630 0.237206
0.649558 0.223084
0.627820 0.210768
0.604579 0.200219
0.580036 0.191383
0.554425 0.184200
0.528009 0.178605
0.501074 0.174530
0.473920 0.171911
0.446845 0.170684
0.420137 0.170788
0.394061 0.172166
0.368849 0.174762
0.344697 0.178521
0.321757 0.183392
0.300142 0.189321
0.279921 0.196253
0.261130 0.204131
0.243775 0.212893
0.227833 0.222472
0.213264 0.232795
0.200011 0.243781
0.188008 0.255341
0.177181 0.267378
0.167451 0.279790
0.158738 0.292463
0.150964 0.305281
0.144050 0.318122
0.137922 0.330862
0.132509 0.343375
0.127742 0.355537
0.123558 0.367228
0.119900 0.378332
0.116712 0.388740
0.113947 0.398351
0.111560 0.407073
0.109511 0.414822
0.107768 0.421524
0.106302 0.427115
0.105087 0.431540
0.104107 0.434754
0.103348 0.436717
0.102802 0.437403
0.102468 0.436790
0.102348 0.434867
0.102451 0.431632
0.102793 0.427093
0.103395 0.421269
0.104283 0.414189
0.105491 0.405898
0.107058 0.396452
0.109032 0.385925
0.111466 0.374405
0.114422 0.361996
0.117967 0.348816
0.122180 0.335001
0.127146 0.320695
0.132959 0.306054
0.139724 0.291240
0.147552 0.276417
0.156566 0.261750
0.166893 0.247398
0.178669 0.233514
0.192031 0.220240
0.207119 0.207708
0.224061 0.196039
0.242974 0.185338
0.263950 0.175706
0.287042 0.167230
0.312255 0.159991
0.339525 0.154069
0.368710 0.149538
0.399580 0.146477
0.431813 0.144967
0.465003 0.145094
0.498675 0.146953
0.532312 0.150647
0.565385 0.156288
0.597390 0.163997
0.627871 0.173900
0.656442 0.186122
0.682799 0.200784
0.706719 0.217992
0.728048 0.237819
0.746697 0.260297
0.762619 0.285390
0.775802 0.312982
0.786247 0.342852
0.793967 0.374672
0.798972 0.407999
0.801267 0.442291
0.800849 0.476932
0.797705 0.511273
0.791818 0.544674
0.783172 0.576544
0.771756 0.606375
0.757579 0.633758
0.740682 0.658391
0.721152 0.680071
0.699136 0.698678
0.674859 0.714158
0.648627 0.726510
0.620832 0.735766
0.591943 0.741981
0.562489 0.745226
0.533033 0.745585
0.504136 0.743152
0.476329 0.738038
0.450080 0.730369
0.425779 0.720295
0.403726 0.707998
0.384129 0.693691
0.367112 0.677627
0.352725 0.660095
0.340956 0.641418
0.331741 0.621944
0.324977 0.602039
0.320531 0.582066
0.318244 0.562378
0.317935 0.543298
0.319411 0.525110
0.322465 0.508051
0.326881 0.492302
0.332435 0.477994
0.338903 0.465202
0.346062 0.453957
0.353696 0.444249
0.361596 0.436031
0.369569 0.429234
0.377441 0.423763
0.385054 0.419514
0.392276 0.416370
0.398994 0.414213
0.405121 0.412926
0.410591 0.412393
0.415356 0.412507
0.419388 0.413170
0.422675 0.414294
0.425220 0.415803
0.427033 0.417635
0.428138 0.419739
0.428562 0.422080
0.428342 0.424632
0.427515 0.427387
0.426124 0.430343
0.424215 0.433511
0.421837 0.436914
0.419039 0.440579
0.415878 0.444543
0.412410 0.448848
0.408697 0.453541
0.404807 0.458671
0.400811 0.464287
0.396788 0.470437
0.392823 0.477168
0.389006 0.484518
0.385434 0.492519
0.382213 0.501192
0.379453 0.510545
0.377268 0.520569
0.375778 0.531239
0.375106 0.542507
0.375374 0.554306
0.376705 0.566543
0.379218 0.579106
0.383027 0.591860
0.388235 0.604650
0.394936 0.617304
0.403204 0.629639
0.413093 0.641462
0.424632 0.652578
0.437818 0.662791
0.452610 0.671912
0.468928 0.679758
0.486648 0.686160
0.505598 0.690959
0.525563 0.694013
0.546287 0.695193
0.567481 0.694385
0.588832 0.691493
0.610016 0.686435
0.630714 0.679150
0.650619 0.669594
0.669451 0.657753
0.686962 0.643637
0.702942 0.627294
0.717219 0.608813
0.729661 0.588328
0.740167 0.566026
0.748667 0.542143
0.755111 0.516969
0.759472 0.490836
0.761731 0.464107
0.761882 0.437165
0.759923 0.410392
0.755856 0.384152
0.749688 0.358780
0.682413 0.681643
