0.517086 0.250361
0.495928 0.243816
0.496473 0.242317
0.518827 0.247043
0.544726 0.256597
0.554713 0.262730
0.542829 0.259165
0.508070 0.249711
0.479100 0.242480
0.461114 0.238435
0.460028 0.236505
0.476765 0.237016
0.506435 0.241888
0.539473 0.252076
0.565830 0.264945
0.579418 0.274865
0.578699 0.277037
0.564522 0.270906
0.539271 0.260154
0.498269 0.249125
0.467792 0.242713
0.442680 0.239079
0.426619 0.236969
0.422019 0.235209
0.429853 0.233526
0.449505 0.232866
0.478457 0.234969
0.512262 0.241385
0.545414 0.252387
0.572998 0.266379
0.592076 0.280209
0.601850 0.290330
0.602777 0.294193
0.595513 0.291125
0.580444 0.282391
0.558053 0.270604
0.529716 0.258744
0.487681 0.248675
0.457819 0.243419
0.430804 0.240690
0.408779 0.239611
0.393371 0.239103
0.385677 0.238221
0.386334 0.236462
0.395579 0.233965
0.413164 0.231520
0.438154 0.230378
0.468718 0.231896
0.502138 0.237126
0.535194 0.246438
0.564851 0.259283
0.588922 0.274192
0.606375 0.289050
0.617209 0.301594
0.622025 0.309949
0.621536 0.313008
0.616206 0.310578
0.606122 0.303318
0.591119 0.292563
0.571092 0.280059
0.546364 0.267635
0.517966 0.256843
0.476315 0.248436
0.447810 0.244384
0.420980 0.242602
0.397132 0.242522
0.377307 0.243395
0.362254 0.244413
0.352480 0.244844
0.348320 0.244162
0.350006 0.242149
0.357691 0.238959
0.371405 0.235111
0.390959 0.231420
0.415806 0.228865
0.444912 0.228433
0.476722 0.230946
0.509285 0.236911
0.540531 0.246400
0.568625 0.258981
0.592250 0.273729
0.610747 0.289330
0.624066 0.304278
0.632611 0.317117
0.637010 0.326658
0.637901 0.332124
0.635758 0.333189
0.630793 0.329962
0.622951 0.322927
0.611974 0.312878
0.597534 0.300838
0.579400 0.287961
0.557596 0.275402
0.532529 0.264179
0.505032 0.255051
0.464185 0.248489
0.436638 0.245559
0.410272 0.244738
0.385989 0.245620
0.364515 0.247671
0.346383 0.250274
0.331944 0.252790
0.321423 0.254626
0.314964 0.255297
0.312685 0.254488
0.314705 0.252102
0.321154 0.248279
0.332154 0.243400
0.347768 0.238044
0.367921 0.232935
0.392307 0.228864
0.420304 0.226601
0.450930 0.226815
0.482882 0.230001
0.514664 0.236414
0.544779 0.246026
0.571943 0.258491
0.595234 0.273154
0.614167 0.289095
0.628670 0.305224
0.639009 0.320413
0.645673 0.333624
0.649245 0.344026
0.650294 0.351049
0.649273 0.354398
0.646464 0.354035
0.641947 0.350141
0.635611 0.343084
0.627197 0.333392
0.616362 0.321732
0.602766 0.308872
0.586159 0.295638
0.566465 0.282846
0.543850 0.271237
0.518759 0.261407
0.491899 0.253761
0.451319 0.248919
0.425079 0.247102
0.399750 0.247203
0.375969 0.248937
0.354251 0.251932
0.334979 0.255745
0.318405 0.259895
0.304677 0.263888
0.293869 0.267246
0.286016 0.269550
0.281142 0.270465
0.279285 0.269777
0.280515 0.267411
0.284937 0.263450
0.292684 0.258131
0.303899 0.251835
0.318702 0.245062
0.337140 0.238390
0.359130 0.232436
0.384399 0.227808
0.412440 0.225063
0.442490 0.224672
0.473567 0.226982
0.504550 0.232192
0.534302 0.240327
0.561797 0.251220
0.586231 0.264500
0.607079 0.279602
0.624112 0.295804
0.637367 0.312278
0.647097 0.328169
0.653704 0.342676
0.657670 0.355117
0.659496 0.364975
0.659637 0.371911
0.658460 0.375759
0.656210 0.376497
0.652992 0.374230
0.648777 0.369158
0.643410 0.361574
0.636642 0.351846
0.628167 0.340424
0.617662 0.327820
0.604839 0.314604
0.589488 0.301366
0.571526 0.288690
0.551027 0.277108
0.528248 0.267070
0.503624 0.258910
0.477748 0.252836
0.437753 0.249818
0.412569 0.249072
0.388184 0.250107
0.365080 0.252707
0.343644 0.256599
0.324164 0.261453
0.306827 0.266904
0.291738 0.272558
0.278937 0.278014
0.268419 0.282876
0.260157 0.286780
0.254121 0.289410
0.250294 0.290517
0.248686 0.289940
0.249338 0.287617
0.252331 0.283593
0.257782 0.278027
0.265833 0.271182
0.276644 0.263418
0.290366 0.255168
0.307111 0.246917
0.326917 0.239173
0.349705 0.232439
0.375238 0.227186
0.403093 0.223835
0.432654 0.222735
0.463135 0.224149
0.493637 0.228240
0.523232 0.235056
0.551055 0.244521
0.576380 0.256418
0.598678 0.270389
0.617636 0.285946
0.633154 0.302487
0.645317 0.319344
0.654357 0.335825
0.660618 0.351275
0.664508 0.365118
0.666462 0.376895
0.666902 0.386277
0.666204 0.393062
0.664675 0.397164
0.662530 0.398586
0.659881 0.397408
0.656742 0.393762
0.653028 0.387829
0.648573 0.379832
0.643145 0.370037
0.636470 0.358759
0.628260 0.346360
0.618234 0.333245
0.606153 0.319853
0.591843 0.306637
0.575225 0.294041
0.556334 0.282477
0.535333 0.272301
0.512517 0.263795
0.488299 0.257155
0.463189 0.252491
0.423539 0.251281
0.399976 0.251558
0.377127 0.253419
0.355339 0.256710
0.334895 0.261240
0.316003 0.266781
0.298805 0.273075
0.283380 0.279840
0.269754 0.286777
0.257914 0.293576
0.247822 0.299929
0.239425 0.305538
0.232667 0.310127
0.227500 0.313455
0.223889 0.315325
0.221822 0.315593
0.221310 0.314178
0.222396 0.311069
0.225151 0.306327
0.229676 0.300087
0.236094 0.292555
0.244550 0.284002
0.255197 0.274754
0.268182 0.265180
0.283628 0.255670
0.301614 0.246625
0.322143 0.238436
0.345121 0.231470
0.370330 0.226061
0.397413 0.222497
0.425875 0.221016
0.455099 0.221800
0.484388 0.224965
0.513016 0.230559
0.540290 0.238549
0.565602 0.248816
0.588474 0.261150
0.608572 0.275246
0.625716 0.290707
0.639868 0.307068
0.651114 0.323810
0.659638 0.340398
0.665705 0.356312
0.669629 0.371082
0.671756 0.384310
0.672438 0.395691
0.672013 0.405007
0.670787 0.412133
0.669020 0.417016
0.666908 0.419665
0.664583 0.420133
0.662108 0.418504
0.659473 0.414886
0.656608 0.409406
0.653385 0.402208
0.649628 0.393456
0.645128 0.383340
0.639653 0.372081
0.632964 0.359930
0.624831 0.347172
0.615044 0.334116
0.603435 0.321092
0.589888 0.308432
0.574359 0.296460
0.556879 0.285475
0.537572 0.275737
0.516646 0.267461
0.494394 0.260804
0.471181 0.255868
0.447418 0.252697
0.408744 0.253408
0.386255 0.254692
0.364475 0.257449
0.343674 0.261559
0.324070 0.266872
0.305824 0.273217
0.289044 0.280393
0.273786 0.288182
0.260068 0.296348
0.247871 0.304641
0.237154 0.312803
0.227859 0.320575
0.219919 0.327701
0.213268 0.333940
0.207842 0.339070
0.203590 0.342894
0.200473 0.345249
0.198472 0.346012
0.197587 0.345104
0.197842 0.342493
0.199285 0.338203
0.201987 0.332309
0.206043 0.324945
0.211568 0.316294
0.218697 0.306593
0.227574 0.296120
0.238348 0.285185
0.251165 0.274123
0.266147 0.263277
0.283382 0.252986
0.302906 0.243578
0.324675 0.235356
0.348554 0.228593
0.374299 0.223530
0.401548 0.220367
0.429833 0.219266
0.458598 0.220344
0.487234 0.223675
0.515122 0.229281
0.541678 0.237125
0.566393 0.247109
0.588861 0.259066
0.608795 0.272756
0.626025 0.287868
0.640496 0.304028
0.652252 0.320815
0.661422 0.337778
0.668200 0.354463
0.672833 0.370438
0.675601 0.385319
0.676808 0.398783
0.676759 0.410581
0.675755 0.420539
0.674071 0.428553
0.671953 0.434581
0.669604 0.438630
0.667176 0.440740
0.664770 0.440978
0.662436 0.439425
0.660166 0.436170
0.657909 0.431309
0.655565 0.424941
0.652999 0.417174
0.650044 0.408130
0.646512 0.397946
0.642197 0.386780
0.636892 0.374818
0.630390 0.362272
0.622502 0.349377
0.613062 0.336389
0.601937 0.323576
0.589042 0.311207
0.574344 0.299542
0.557873 0.288824
0.539723 0.279266
0.520061 0.271046
0.499114 0.264302
0.477169 0.259130
0.454555 0.255587
0.431626 0.253687
0.393449 0.256304
0.372437 0.258522
0.352114 0.262065
0.332682 0.266843
0.314303 0.272745
0.297096 0.279643
0.281139 0.287393
0.266476 0.295833
0.253117 0.304789
0.241047 0.314070
0.230230 0.323480
0.220617 0.332813
0.212145 0.341861
0.204750 0.350417
0.198364 0.358280
0.192925 0.365258
0.188372 0.371175
0.184657 0.375872
0.181740 0.379212
0.179594 0.381083
0.178207 0.381402
0.177584 0.380116
0.177744 0.377205
0.178727 0.372688
0.180588 0.366618
0.183400 0.359089
0.187253 0.350234
0.192251 0.340223
0.198514 0.329264
0.206170 0.317594
0.215351 0.305473
0.226192 0.293179
0.238819 0.280998
0.253341 0.269211
0.269838 0.258095
0.288349 0.247905
0.308858 0.238877
0.331276 0.231223
0.355435 0.225127
0.381077 0.220743
0.407859 0.218202
0.435356 0.217604
0.463091 0.219019
0.490553 0.222487
0.517235 0.228014
0.542663 0.235565
0.566425 0.245063
0.588188 0.256380
0.607708 0.269337
0.624831 0.283701
0.639488 0.299189
0.651689 0.315474
0.661509 0.332200
0.669076 0.348993
0.674565 0.365482
0.678185 0.381318
0.680169 0.396189
0.680766 0.409830
0.680231 0.422036
0.678817 0.432658
0.676765 0.441604
0.674297 0.448831
0.671608 0.454336
0.668863 0.458150
0.666189 0.460322
0.663675 0.460919
0.661371 0.460012
0.659289 0.457674
0.657404 0.453976
0.655658 0.448989
0.653963 0.442783
0.652204 0.435427
0.650246 0.426997
0.647936 0.417580
0.645109 0.407275
0.641594 0.396197
0.637217 0.384485
0.631811 0.372295
0.625219 0.359805
0.617299 0.347209
0.607936 0.334715
0.597041 0.322533
0.584564 0.310874
0.570495 0.299940
0.554872 0.289914
0.537780 0.280960
0.519356 0.273217
0.499781 0.266794
0.479282 0.261771
0.458116 0.258200
0.436564 0.256104
0.414914 0.255481
0.377751 0.260077
0.358057 0.263207
0.339053 0.267546
0.320889 0.273024
0.303687 0.279554
0.287535 0.287039
0.272491 0.295369
0.258583 0.304419
0.245818 0.314055
0.234181 0.324130
0.223640 0.334489
0.214151 0.344969
0.205662 0.355402
0.198113 0.365615
0.191442 0.375438
0.185588 0.384702
0.180487 0.393244
0.176084 0.400910
0.172325 0.407559
0.169165 0.413060
0.166566 0.417299
0.164500 0.420179
0.162948 0.421621
0.161905 0.421565
0.161376 0.419974
0.161378 0.416831
0.161943 0.412148
0.163115 0.405959
0.164951 0.398330
0.167522 0.389353
0.170909 0.379152
0.175207 0.367880
0.180519 0.355718
0.186958 0.342870
0.194642 0.329562
0.203692 0.316032
0.214228 0.302527
0.226363 0.289291
0.240194 0.276564
0.255800 0.264574
0.273225 0.253530
0.292472 0.243623
0.313490 0.235020
0.336167 0.227870
0.360320 0.222297
0.385695 0.218405
0.411968 0.216280
0.438760 0.215984
0.465650 0.217563
0.492200 0.221039
0.517981 0.226410
0.542591 0.233646
0.565682 0.242685
0.586966 0.253428
0.606229 0.265737
0.623326 0.279434
0.638182 0.294297
0.650782 0.310067
0.661168 0.326455
0.669423 0.343150
0.675673 0.359833
0.680073 0.376190
0.682802 0.391927
0.684059 0.406782
0.684055 0.420531
0.683007 0.432999
0.681133 0.444056
0.678644 0.453620
0.675743 0.461650
0.672611 0.468142
0.669410 0.473117
0.666277 0.476621
0.663320 0.478711
0.660617 0.479452
0.658217 0.478911
0.656138 0.477153
0.654372 0.474241
0.652884 0.470231
0.651614 0.465173
0.650483 0.459114
0.649393 0.452101
0.648229 0.444181
0.646863 0.435406
0.645161 0.425838
0.642978 0.415550
0.640169 0.404629
0.636589 0.393180
0.632096 0.381325
0.626558 0.369204
0.619854 0.356969
0.611881 0.344786
0.602556 0.332825
0.591823 0.321262
0.579654 0.310265
0.566057 0.299995
0.551072 0.290600
0.534780 0.282210
0.517300 0.274936
0.498785 0.268865
0.479422 0.264067
0.459424 0.260587
0.439020 0.258450
0.418450 0.257663
0.397951 0.258215
0.361762 0.264842
0.343301 0.268869
0.325534 0.274011
0.308578 0.280211
0.292522 0.287399
0.277431 0.295498
0.263343 0.304419
0.250279 0.314065
0.238238 0.324328
0.227205 0.335091
0.217151 0.346230
0.208037 0.357612
0.199817 0.369098
0.192440 0.380547
0.185849 0.391814
0.179988 0.402755
0.174800 0.413227
0.170228 0.423093
0.166217 0.432221
0.162719 0.440487
0.159685 0.447777
0.157075 0.453985
0.154855 0.459019
0.152996 0.462796
0.151478 0.465246
0.150288 0.466313
0.149424 0.465952
0.148892 0.464133
0.148707 0.460841
0.148895 0.456079
0.149491 0.449865
0.150541 0.442240
0.152101 0.433266
0.154235 0.423027
0.157018 0.411633
0.160533 0.399217
0.164871 0.385936
0.170131 0.371968
0.176415 0.357511
0.183832 0.342773
0.192491 0.327974
0.202499 0.313333
0.213959 0.299066
0.226962 0.285381
0.241582 0.272472
0.257872 0.260516
0.275848 0.249671
0.295491 0.240078
0.316729 0.231855
0.339437 0.225107
0.363429 0.219919
0.388461 0.216362
0.414233 0.214492
0.440401 0.214351
0.466593 0.215968
0.492423 0.219356
0.517516 0.224509
0.541524 0.231403
0.564140 0.239988
0.585108 0.250187
0.604234 0.261892
0.621379 0.274963
0.636462 0.289225
0.649454 0.304468
0.660370 0.320456
0.669265 0.336926
0.676225 0.353604
0.681368 0.370209
0.684831 0.386469
0.686772 0.402129
0.687362 0.416962
0.686784 0.430774
0.685226 0.443411
0.682881 0.454760
0.679935 0.464745
0.676570 0.473329
0.672958 0.480505
0.669252 0.486291
0.665591 0.490728
0.662089 0.493868
0.658840 0.495773
0.655912 0.496509
0.653351 0.496141
0.651179 0.494731
0.649394 0.492335
0.647977 0.489002
0.646885 0.484775
0.646063 0.479691
0.645435 0.473780
0.644917 0.467073
0.644410 0.459596
0.643806 0.451381
0.642990 0.442463
0.641840 0.432887
0.640233 0.422707
0.638043 0.411992
0.635146 0.400823
0.631421 0.389299
0.626754 0.377531
0.621042 0.365644
0.614193 0.353774
0.606130 0.342063
0.596797 0.330657
0.586159 0.319702
0.574206 0.309339
0.560954 0.299700
0.546451 0.290906
0.530774 0.283063
0.514029 0.276262
0.496351 0.270576
0.477902 0.266063
0.458862 0.262763
0.439427 0.260701
0.419800 0.259888
0.400185 0.260319
0.380778 0.261980
0.345608 0.270716
0.328466 0.275588
0.312014 0.281479
0.296338 0.288343
0.281500 0.296124
0.267546 0.304758
0.254503 0.314176
0.242379 0.324299
0.231172 0.335041
0.220865 0.346308
0.211433 0.358001
0.202843 0.370011
0.195054 0.382227
0.188023 0.394532
0.181702 0.406806
0.176042 0.418929
0.170992 0.430779
0.166501 0.442240
0.162521 0.453195
0.159002 0.463534
0.155898 0.473154
0.153165 0.481958
0.150764 0.489856
0.148656 0.496766
0.146811 0.502615
0.145201 0.507337
0.143805 0.510873
0.142607 0.513174
0.141597 0.514197
0.140774 0.513905
0.140140 0.512274
0.139709 0.509283
0.139498 0.504925
0.139536 0.499202
0.139855 0.492130
0.140498 0.483739
0.141514 0.474074
0.142958 0.463201
0.144894 0.451204
0.147392 0.438186
0.150528 0.424275
0.154384 0.409614
0.159046 0.394368
0.164607 0.378715
0.171160 0.362844
0.178802 0.346951
0.187628 0.331232
0.197732 0.315882
0.209200 0.301083
0.222109 0.287008
0.236520 0.273813
0.252474 0.261640
0.269983 0.250611
0.289026 0.240832
0.309543 0.232393
0.331426 0.225369
0.354519 0.219824
0.378617 0.215809
0.403467 0.213366
0.428779 0.212525
0.454233 0.213310
0.479495 0.215733
0.504232 0.219794
0.528127 0.225481
0.550893 0.232765
0.572282 0.241597
0.592089 0.251908
0.610159 0.263602
0.626387 0.276556
0.640707 0.290621
0.653100 0.305616
0.663577 0.321340
0.672183 0.337567
0.678988 0.354060
0.684085 0.370575
0.687587 0.386868
0.689620 0.402709
0.690325 0.417887
0.689855 0.432217
0.688367 0.445543
0.686027 0.457746
0.683000 0.468736
0.679451 0.478461
0.675539 0.486895
0.671416 0.494040
0.667220 0.499918
0.663077 0.504569
0.659098 0.508046
0.655373 0.510408
0.651976 0.511719
0.648958 0.512042
0.646356 0.511439
0.644185 0.509966
0.642444 0.507674
0.641116 0.504607
0.640168 0.500800
0.639555 0.496282
0.639220 0.491077
0.639095 0.485202
0.639102 0.478674
0.639155 0.471506
0.639163 0.463714
0.639028 0.455318
0.638647 0.446343
0.637915 0.436822
0.636726 0.426799
0.634973 0.416329
0.632552 0.405480
0.629362 0.394330
0.625308 0.382973
0.620301 0.371512
0.614264 0.360059
0.607132 0.348733
0.598852 0.337658
0.589390 0.326956
0.578731 0.316749
0.566880 0.307152
0.553865 0.298273
0.539736 0.290208
0.524569 0.283045
0.508464 0.276854
0.491541 0.271696
0.473941 0.267617
0.455821 0.264650
0.437346 0.262819
0.418690 0.262132
0.400026 0.262592
0.381522 0.264189
0.363335 0.266905
0.329427 0.277819
0.313653 0.283479
0.298554 0.290066
0.284190 0.297539
0.270605 0.305853
0.257827 0.314956
0.245872 0.324791
0.234743 0.335295
0.224435 0.346398
0.214930 0.358024
0.206206 0.370091
0.198235 0.382513
0.190982 0.395199
0.184410 0.408051
0.178481 0.420973
0.173151 0.433863
0.168379 0.446621
0.164122 0.459147
0.160335 0.471342
0.156976 0.483113
0.154003 0.494369
0.151374 0.505024
0.149051 0.515000
0.146996 0.524222
0.145173 0.532623
0.143552 0.540143
0.142101 0.546725
0.140796 0.552319
0.139614 0.556882
0.138538 0.560373
0.137554 0.562755
0.136654 0.563996
0.135835 0.564069
0.135099 0.562949
0.134453 0.560614
0.133910 0.557050
0.133490 0.552246
0.133215 0.546197
0.133117 0.538908
0.133231 0.530394
0.133599 0.520679
0.134265 0.509802
0.135283 0.497818
0.136708 0.484798
0.138603 0.470830
0.141032 0.456022
0.144067 0.440498
0.147781 0.424400
0.152252 0.407885
0.157560 0.391119
0.163788 0.374277
0.171020 0.357535
0.179338 0.341070
0.188824 0.325050
0.199552 0.309635
0.211592 0.294972
0.225000 0.281194
0.239817 0.268417
0.256064 0.256743
0.273737 0.246256
0.292798 0.237031
0.313177 0.229127
0.334763 0.222593
0.357407 0.217469
0.380914 0.213789
0.405059 0.211578
0.429580 0.210856
0.454198 0.211636
0.478622 0.213926
0.502563 0.217724
0.525746 0.223021
0.547917 0.229794
0.568859 0.238006
0.588386 0.247606
0.606355 0.258521
0.622661 0.270658
0.637235 0.283901
0.650043 0.298111
0.661081 0.313126
0.670371 0.328763
0.677957 0.344825
0.683904 0.361103
0.688293 0.377381
0.691220 0.393450
0.692791 0.409106
0.693126 0.424163
0.692353 0.438458
0.690606 0.451848
0.688025 0.464224
0.684754 0.475501
0.680937 0.485623
0.676715 0.494561
0.672226 0.502310
0.667602 0.508882
0.662961 0.514308
0.658415 0.518633
0.654060 0.521909
0.649977 0.524193
0.646234 0.525549
0.642880 0.526036
0.639954 0.525715
0.637474 0.524640
0.635449 0.522860
0.633871 0.520419
0.632723 0.517354
0.631975 0.513692
0.631588 0.509458
0.631514 0.504667
0.631696 0.499330
0.632071 0.493456
0.632570 0.487049
0.633118 0.480115
0.633636 0.472659
0.634041 0.464689
0.634245 0.456220
0.634162 0.447270
0.633700 0.437867
0.632770 0.428048
0.631283 0.417861
0.629152 0.407362
0.626293 0.396619
0.622628 0.385712
0.618086 0.374727
0.612600 0.363758
0.606118 0.352906
0.598595 0.342275
0.590002 0.331969
0.580322 0.322091
0.569558 0.312741
0.557726 0.304012
0.544863 0.295990
0.531026 0.288752
0.516289 0.282366
0.500744 0.276889
0.484503 0.272367
0.467688 0.268838
0.450436 0.266327
0.432890 0.264854
0.415197 0.264427
0.397504 0.265049
0.379953 0.266714
0.362677 0.269410
0.345799 0.273119
0.313365 0.286273
0.298888 0.292707
0.285070 0.299988
0.271952 0.308080
0.259560 0.316945
0.247914 0.326538
0.237020 0.336810
0.226876 0.347709
0.217473 0.359176
0.208794 0.371146
0.200819 0.383552
0.193521 0.396319
0.186873 0.409372
0.180841 0.422628
0.175394 0.436006
0.170494 0.449420
0.166107 0.462785
0.162196 0.476014
0.158722 0.489025
0.155650 0.501735
0.152941 0.514066
0.150561 0.525943
0.148472 0.537298
0.146640 0.548066
0.145031 0.558188
0.143613 0.567609
0.142355 0.576281
0.141228 0.584161
0.140205 0.591209
0.139263 0.597390
0.138379 0.602671
0.137536 0.607025
0.136718 0.610425
0.135915 0.612845
0.135117 0.614262
0.134322 0.614655
0.133529 0.614002
0.132745 0.612284
0.131977 0.609481
0.131239 0.605577
0.130549 0.600558
0.129931 0.594412
0.129409 0.587133
0.129016 0.578722
0.128786 0.569185
0.128759 0.558540
0.128978 0.546815
0.129489 0.534052
0.130343 0.520306
0.131593 0.505651
0.133298 0.490175
0.135517 0.473984
0.138313 0.457202
0.141753 0.439963
0.145906 0.422418
0.150843 0.404724
0.156635 0.387042
0.163355 0.369536
0.171077 0.352365
0.179871 0.335683
0.189805 0.319632
0.200941 0.304341
0.213331 0.289927
0.227019 0.276491
0.242031 0.264118
0.258374 0.252882
0.276032 0.242843
0.294962 0.234049
0.315088 0.226540
0.336303 0.220348
0.358464 0.215499
0.381394 0.212012
0.404887 0.209904
0.428711 0.209187
0.452616 0.209869
0.476346 0.211954
0.499645 0.215440
0.522268 0.220320
0.543991 0.226577
0.564612 0.234184
0.583963 0.243102
0.601908 0.253277
0.618342 0.264637
0.633193 0.277092
0.646418 0.290534
0.657998 0.304834
0.667941 0.319842
0.676271 0.335396
0.683031 0.351316
0.688280 0.367415
0.692087 0.383504
0.694536 0.399392
0.695718 0.414900
0.695736 0.429861
0.694697 0.444124
0.692718 0.457561
0.689921 0.470066
0.686430 0.481560
0.682372 0.491986
0.677874 0.501310
0.673062 0.509521
0.668057 0.516624
0.662974 0.522643
0.657920 0.527613
0.652992 0.531580
0.648275 0.534596
0.643845 0.536718
0.639762 0.538007
0.636075 0.538521
0.632819 0.538317
0.630017 0.537451
0.627681 0.535970
0.625810 0.533918
0.624395 0.531332
0.623417 0.528244
0.622848 0.524677
0.622652 0.520649
0.622788 0.516172
0.623209 0.511254
0.623862 0.505898
0.624687 0.500103
0.625625 0.493868
0.626609 0.487191
0.627570 0.480071
0.628436 0.472508
0.629134 0.464509
0.629588 0.456083
0.629721 0.447247
0.629456 0.438026
0.628717 0.428452
0.627428 0.418566
0.625516 0.408419
0.622910 0.398070
0.619546 0.387588
0.615362 0.377048
0.610304 0.366531
0.604328 0.356125
0.597396 0.345917
0.589483 0.335999
0.580574 0.326460
0.570667 0.317387
0.559776 0.308863
0.547929 0.300963
0.535168 0.293757
0.521552 0.287308
0.507156 0.281670
0.492067 0.276887
0.476387 0.272998
0.460228 0.270030
0.443710 0.268007
0.426959 0.266941
0.410102 0.266841
0.393266 0.267710
0.376572 0.269542
0.360136 0.272330
0.344063 0.276060
0.328445 0.280715
0.297575 0.296202
0.284422 0.303350
0.271900 0.311265
0.260035 0.319914
0.248844 0.329265
0.238335 0.339278
0.228509 0.349913
0.219361 0.361122
0.210878 0.372855
0.203046 0.385058
0.195844 0.397672
0.189252 0.410636
0.183242 0.423883
0.177790 0.437346
0.172866 0.450954
0.168441 0.464635
0.164484 0.478315
0.160967 0.491923
0.157856 0.505387
0.155121 0.518637
0.152731 0.531604
0.150654 0.544227
0.148860 0.556443
0.147317 0.568198
0.145996 0.579441
0.144867 0.590123
0.143900 0.600205
0.143069 0.609648
0.142345 0.618419
0.141704 0.626488
0.141121 0.633832
0.140573 0.640425
0.140040 0.646249
0.139503 0.651284
0.138946 0.655513
0.138356 0.658921
0.137722 0.661490
0.137036 0.663206
0.136293 0.664053
0.135492 0.664013
0.134636 0.663070
0.133730 0.661205
0.132782 0.658401
0.131806 0.654639
0.130817 0.649902
0.129835 0.644170
0.128883 0.637431
0.127987 0.629671
0.127177 0.620882
0.126484 0.611060
0.125944 0.600212
0.125596 0.588350
0.125479 0.575498
0.125637 0.561692
0.126116 0.546984
0.126965 0.531438
0.128233 0.515134
0.129973 0.498171
0.132241 0.480660
0.135093 0.462725
0.138588 0.444503
0.142787 0.426139
0.147752 0.407783
0.153545 0.389586
0.160230 0.371695
0.167869 0.354252
0.176523 0.337392
0.186248 0.321234
0.197098 0.305887
0.209118 0.291447
0.222342 0.277993
0.236794 0.265594
0.252479 0.254305
0.269385 0.244170
0.287477 0.235225
0.306693 0.227497
0.326945 0.221009
0.348115 0.215776
0.370057 0.211813
0.392599 0.209130
0.415543 0.207734
0.438678 0.207631
0.461779 0.208824
0.484620 0.211315
0.506979 0.215099
0.528645 0.220167
0.549427 0.226505
0.569157 0.234089
0.587691 0.242884
0.604913 0.252844
0.620736 0.263911
0.635096 0.276008
0.647955 0.289043
0.659295 0.302907
0.669117 0.317476
0.677441 0.332608
0.684297 0.348150
0.689731 0.363940
0.693797 0.379809
0.696560 0.395588
0.698095 0.411111
0.698483 0.426220
0.697813 0.440772
0.696180 0.454637
0.693685 0.467705
0.690434 0.479887
0.686537 0.491114
0.682105 0.501337
0.677251 0.510529
0.672087 0.518677
0.666722 0.525789
0.661260 0.531885
0.655801 0.536995
0.650437 0.541162
0.645249 0.544432
0.640311 0.546859
0.635687 0.548498
0.631427 0.549407
0.627573 0.549641
0.624156 0.549254
0.621195 0.548298
0.618700 0.546818
0.616674 0.544856
0.615109 0.542448
0.613990 0.539624
0.613295 0.536408
0.612998 0.532819
0.613065 0.528870
0.613460 0.524568
0.614139 0.519916
0.615057 0.514914
0.616166 0.509558
0.617413 0.503843
0.618744 0.497763
0.620100 0.491309
0.621422 0.484478
0.622649 0.477267
0.623718 0.469674
0.624564 0.461706
0.625121 0.453372
0.625324 0.444689
0.625109 0.435679
0.624409 0.426374
0.623162 0.416812
0.621307 0.407039
0.618786 0.397109
0.615545 0.387081
0.611534 0.377023
0.606709 0.367005
0.601035 0.357102
0.594480 0.347392
0.587025 0.337952
0.578659 0.328860
0.569380 0.320191
0.559201 0.312016
0.548145 0.304403
0.536246 0.297412
0.523554 0.291100
0.510130 0.285514
0.496046 0.280698
0.481386 0.276687
0.466244 0.273508
0.450721 0.271185
0.434923 0.269734
0.418961 0.269165
0.402943 0.269485
0.386979 0.270694
0.371172 0.272790
0.355619 0.275766
0.340409 0.279611
0.325621 0.284310
0.311324 0.289848
0.282215 0.307728
0.270322 0.315570
0.259031 0.324105
0.248358 0.333307
0.238309 0.343144
0.228887 0.353580
0.220088 0.364579
0.211904 0.376098
0.204321 0.388094
0.197326 0.400517
0.190899 0.413317
0.185020 0.426438
0.179669 0.439825
0.174821 0.453417
0.170454 0.467154
0.166541 0.480972
0.163057 0.494810
0.159978 0.508604
0.157277 0.522293
0.154927 0.535816
0.152903 0.549115
0.151178 0.562135
0.149726 0.574824
0.148521 0.587133
0.147535 0.599018
0.146744 0.610439
0.146121 0.621360
0.145641 0.631748
0.145279 0.641577
0.145009 0.650821
0.144809 0.659460
0.144655 0.667477
0.144525 0.674856
0.144397 0.681584
0.144252 0.687651
0.144073 0.693046
0.143841 0.697760
0.143544 0.701785
0.143168 0.705111
0.142703 0.707729
0.142141 0.709631
0.141478 0.710804
0.140710 0.711237
0.139838 0.710916
0.138865 0.709827
0.137797 0.707954
0.136642 0.705277
0.135414 0.701779
0.134126 0.697439
0.132797 0.692237
0.131445 0.686152
0.130094 0.679165
0.128770 0.671256
0.127499 0.662410
0.126313 0.652616
0.125241 0.641866
0.124320 0.630160
0.123584 0.617508
0.123071 0.603926
0.122820 0.589446
0.122873 0.574109
0.123273 0.557974
0.124062 0.541113
0.125289 0.523611
0.126999 0.505571
0.129243 0.487108
0.132070 0.468346
0.135533 0.449421
0.139685 0.430473
0.144579 0.411642
0.150272 0.393071
0.156817 0.374893
0.164269 0.357237
0.172681 0.340220
0.182100 0.323948
0.192574 0.308512
0.204141 0.293992
0.216833 0.280455
0.230669 0.267953
0.245658 0.256531
0.261789 0.246222
0.279037 0.237051
0.297353 0.229039
0.316666 0.222199
0.336878 0.216542
0.357871 0.212075
0.379499 0.208805
0.401598 0.206735
0.423985 0.205870
0.446465 0.206212
0.468837 0.207761
0.490899 0.210515
0.512457 0.214472
0.533327 0.219622
0.553344 0.225952
0.572360 0.233442
0.590252 0.242064
0.606919 0.251778
0.622284 0.262534
0.636289 0.274269
0.648899 0.286905
0.660096 0.300349
0.669878 0.314495
0.678255 0.329223
0.685252 0.344399
0.690902 0.359880
0.695250 0.375518
0.698346 0.391158
0.700250 0.406649
0.701028 0.421844
0.700751 0.436603
0.699500 0.450800
0.697358 0.464321
0.694415 0.477070
0.690764 0.488970
0.686502 0.499959
0.681729 0.509996
0.676546 0.519056
0.671055 0.527129
0.665353 0.534220
0.659539 0.540347
0.653704 0.545538
0.647935 0.549830
0.642310 0.553266
0.636903 0.555896
0.631775 0.557770
0.626981 0.558944
0.622565 0.559472
0.618563 0.559405
0.615000 0.558796
0.611894 0.557693
0.609253 0.556139
0.607079 0.554175
0.605366 0.551836
0.604103 0.549151
0.603271 0.546144
0.602848 0.542836
0.602807 0.539239
0.603118 0.535363
0.603745 0.531212
0.604653 0.526786
0.605800 0.522084
0.607145 0.517097
0.608643 0.511820
0.610248 0.506242
0.611910 0.500354
0.613579 0.494146
0.615204 0.487610
0.616731 0.480742
0.618105 0.473537
0.619272 0.465996
0.620174 0.458126
0.620756 0.449937
0.620960 0.441445
0.620731 0.432675
0.620014 0.423654
0.618755 0.414420
0.616902 0.405016
0.614408 0.395489
0.611228 0.385894
0.607319 0.376292
0.602648 0.366744
0.597182 0.357317
0.590900 0.348080
0.583784 0.339099
0.575827 0.330444
0.567029 0.322179
0.557402 0.314367
0.546965 0.307069
0.535750 0.300338
0.523798 0.294224
0.511161 0.288772
0.497902 0.284020
0.484093 0.280001
0.469812 0.276743
0.455147 0.274267
0.440190 0.272590
0.425035 0.271726
0.409781 0.271681
0.394522 0.272461
0.379353 0.274064
0.364361 0.276488
0.349630 0.279727
0.335234 0.283772
0.321242 0.288610
0.307710 0.294227
0.294688 0.300607
0.267439 0.320967
0.256754 0.329476
0.246641 0.338613
0.237106 0.348350
0.228149 0.358657
0.219769 0.369503
0.211957 0.380852
0.204704 0.392666
0.197997 0.404903
0.191821 0.417521
0.186160 0.430471
0.180994 0.443707
0.176305 0.457176
0.172072 0.470827
0.168276 0.484605
0.164895 0.498455
0.161908 0.512324
0.159293 0.526155
0.157028 0.539896
0.155092 0.553494
0.153463 0.566898
0.152117 0.580062
0.151034 0.592940
0.150191 0.605491
0.149566 0.617675
0.149136 0.629459
0.148878 0.640813
0.148771 0.651707
0.148792 0.662120
0.148918 0.672031
0.149128 0.681424
0.149400 0.690283
0.149711 0.698599
0.150042 0.706362
0.150371 0.713565
0.150679 0.720203
0.150947 0.726271
0.151157 0.731766
0.151293 0.736685
0.151339 0.741025
0.151283 0.744783
0.151112 0.747955
0.150817 0.750538
0.150389 0.752524
0.149823 0.753909
0.149116 0.754683
0.148266 0.754838
0.147275 0.754362
0.146147 0.753241
0.144888 0.751461
0.143507 0.749005
0.142015 0.745854
0.140426 0.741988
0.138756 0.737385
0.137023 0.732023
0.135249 0.725878
0.133454 0.718926
0.131665 0.711145
0.129906 0.702513
0.128205 0.693010
0.126592 0.682620
0.125097 0.671332
0.123752 0.659142
0.122591 0.646051
0.121647 0.632072
0.120956 0.617228
0.120554 0.601554
0.120479 0.585097
0.120770 0.567920
0.121466 0.550100
0.122610 0.531728
0.124242 0.512908
0.126406 0.493755
0.129148 0.474395
0.132512 0.454959
0.136546 0.435582
0.141296 0.416398
0.146812 0.397540
0.153139 0.379131
0.160327 0.361289
0.168420 0.344118
0.177463 0.327712
0.187495 0.312151
0.198551 0.297503
0.210660 0.283824
0.223842 0.271158
0.238105 0.259540
0.253445 0.248995
0.269842 0.239542
0.287260 0.231194
0.305642 0.223961
0.324912 0.217847
0.344970 0.212857
0.365699 0.208992
0.386958 0.206255
0.408593 0.204646
0.430435 0.204165
0.452304 0.204814
0.474021 0.206592
0.495405 0.209497
0.516282 0.213526
0.536490 0.218670
0.555882 0.224920
0.574330 0.232258
0.591722 0.240660
0.607969 0.250094
0.623000 0.260518
0.636763 0.271880
0.649223 0.284112
0.660361 0.297138
0.670171 0.310866
0.678660 0.325192
0.685843 0.340001
0.691747 0.355166
0.696405 0.370554
0.699859 0.386029
0.702156 0.401448
0.703348 0.416676
0.703496 0.431578
0.702664 0.446030
0.700923 0.459919
0.698347 0.473144
0.695016 0.485621
0.691014 0.497278
0.686429 0.508062
0.681349 0.517936
0.675867 0.526877
0.670075 0.534875
0.664064 0.541935
0.657924 0.548073
0.651741 0.553313
0.645598 0.557688
0.639570 0.561238
0.633728 0.564008
0.628134 0.566046
0.622844 0.567403
0.617904 0.568130
0.613352 0.568281
0.609219 0.567903
0.605527 0.567048
0.602291 0.565759
0.599518 0.564080
0.597208 0.562049
0.595358 0.559700
0.593955 0.557062
0.592986 0.554160
0.592431 0.551014
0.592267 0.547638
0.592467 0.544044
0.593002 0.540237
0.593843 0.536219
0.594953 0.531988
0.596300 0.527541
0.597845 0.522869
0.599549 0.517963
0.601373 0.512813
0.603274 0.507406
0.605211 0.501732
0.607138 0.495780
0.609010 0.489539
0.610781 0.483002
0.612403 0.476164
0.613828 0.469024
0.615006 0.461584
0.615890 0.453851
0.616428 0.445837
0.616573 0.437560
0.616275 0.429042
0.615488 0.420313
0.614167 0.411407
0.612266 0.402363
0.609746 0.393228
0.606569 0.384051
0.602700 0.374885
0.598111 0.365787
0.592776 0.356818
0.586677 0.348036
0.579801 0.339503
0.572144 0.331278
0.563708 0.323420
0.554504 0.315985
0.544550 0.309026
0.533874 0.302590
0.522515 0.296724
0.510517 0.291467
0.497935 0.286855
0.484833 0.282917
0.471279 0.279681
0.457350 0.277167
0.443127 0.275392
0.428693 0.274369
0.414135 0.274107
0.399538 0.274611
0.384986 0.275884
0.370560 0.277925
0.356336 0.280730
0.342385 0.284294
0.328770 0.288607
0.315548 0.293659
0.302767 0.299438
0.290467 0.305927
0.278683 0.313110
0.525319 0.251011
