0.264186 0.592619
0.279001 0.642113
0.281224 0.649016
0.266295 0.608974
0.257049 0.547690
0.258026 0.514220
0.258104 0.534608
0.267247 0.602318
0.291008 0.664446
0.315872 0.700979
0.322768 0.709774
0.305615 0.691182
0.277331 0.643480
0.258307 0.573175
0.257604 0.503232
0.266582 0.458280
0.270508 0.448347
0.264741 0.473873
0.259129 0.530499
0.271132 0.613473
0.298835 0.675573
0.335274 0.718976
0.367289 0.743476
0.382722 0.753010
0.375550 0.750176
0.347927 0.733487
0.309901 0.698410
0.275748 0.642156
0.257057 0.570111
0.257295 0.497297
0.271095 0.439655
0.287697 0.404569
0.296790 0.391579
0.293533 0.398726
0.280360 0.426298
0.265718 0.475220
0.260168 0.541633
0.276050 0.625944
0.305866 0.684187
0.346806 0.727231
0.390797 0.754805
0.428706 0.770104
0.453119 0.777267
0.459708 0.779413
0.447171 0.777404
0.417162 0.769448
0.374794 0.751636
0.328614 0.719385
0.288538 0.669814
0.262488 0.604767
0.254083 0.532542
0.262225 0.465139
0.281799 0.412003
0.305208 0.376334
0.324730 0.356423
0.334757 0.349033
0.332870 0.352072
0.319922 0.365749
0.299778 0.392239
0.278721 0.433991
0.264033 0.490983
0.261981 0.558196
0.282238 0.639559
0.313536 0.692687
0.356064 0.732877
0.404628 0.759763
0.452775 0.775349
0.494472 0.782786
0.525397 0.785435
0.543153 0.786152
0.546683 0.786735
0.535646 0.787542
0.510300 0.787378
0.472020 0.783686
0.424153 0.773000
0.372407 0.751593
0.323945 0.716376
0.285423 0.666208
0.261287 0.603477
0.253211 0.534767
0.260317 0.469048
0.279524 0.413929
0.306010 0.373012
0.334086 0.345970
0.358446 0.330213
0.375186 0.322615
0.382143 0.320722
0.378698 0.323409
0.365518 0.331096
0.344544 0.345557
0.319079 0.369379
0.293638 0.405012
0.273279 0.453428
0.262642 0.512673
0.265097 0.577265
0.289961 0.654097
0.323476 0.702763
0.367864 0.739583
0.419180 0.764278
0.472302 0.778223
0.522103 0.783710
0.564634 0.783432
0.597618 0.780142
0.620187 0.776343
0.632239 0.773994
0.633845 0.774240
0.624895 0.777230
0.605055 0.782075
0.574045 0.786944
0.532248 0.789297
0.481514 0.786181
0.425705 0.774544
0.370395 0.751603
0.321564 0.715377
0.284044 0.665575
0.260685 0.604641
0.252378 0.538150
0.258401 0.473534
0.276658 0.417455
0.303794 0.373713
0.335517 0.342930
0.367284 0.323488
0.395146 0.312709
0.416332 0.307768
0.429310 0.306296
0.433495 0.306745
0.428896 0.308565
0.415943 0.312227
0.395557 0.319122
0.369390 0.331338
0.340026 0.351306
0.310923 0.381272
0.285988 0.422549
0.268949 0.474598
0.262810 0.534317
0.269547 0.596250
0.299507 0.669297
0.334865 0.712894
0.380207 0.745725
0.432379 0.767618
0.487209 0.779505
0.540336 0.782961
0.588180 0.779909
0.628530 0.772464
0.660524 0.762814
0.684252 0.753075
0.700253 0.745120
0.709121 0.740406
0.711231 0.739817
0.706607 0.743570
0.694875 0.751176
0.675334 0.761467
0.647148 0.772706
0.609708 0.782745
0.563182 0.789220
0.509145 0.789726
0.450932 0.781955
0.393311 0.763839
0.341399 0.733807
0.299422 0.691290
0.270034 0.637450
0.254344 0.575779
0.252269 0.511844
0.262803 0.451845
0.284086 0.400719
0.313397 0.361023
0.347307 0.333007
0.382119 0.315329
0.414487 0.305824
0.441921 0.302073
0.462947 0.301791
0.476945 0.303088
0.483824 0.304629
0.483722 0.305721
0.476822 0.306335
0.463328 0.307070
0.443584 0.309093
0.418296 0.314037
0.388777 0.323848
0.357086 0.340572
0.325947 0.366055
0.298430 0.401508
0.277507 0.446941
0.265679 0.500614
0.264785 0.558865
0.275946 0.616739
0.311181 0.684849
0.348856 0.723713
0.395639 0.752507
0.448716 0.771183
0.504392 0.780442
0.558772 0.781422
0.608587 0.775519
0.651737 0.764311
0.687358 0.749530
0.715541 0.733011
0.736936 0.716595
0.752410 0.702011
0.762807 0.690744
0.768795 0.683921
0.770775 0.682251
0.768837 0.685972
0.762734 0.694837
0.751894 0.708107
0.735459 0.724567
0.712379 0.742603
0.681586 0.760312
0.642307 0.775661
0.594523 0.786627
0.539485 0.791292
0.480046 0.787887
0.420421 0.774826
0.365299 0.750817
0.318739 0.715155
0.283469 0.668223
0.260829 0.612082
0.251096 0.550700
0.253812 0.489354
0.267933 0.433260
0.291796 0.386214
0.323057 0.350012
0.358775 0.324684
0.395740 0.309066
0.430974 0.301353
0.462177 0.299481
0.487938 0.301390
0.507664 0.305212
0.521335 0.309404
0.529222 0.312831
0.531651 0.314811
0.528858 0.315111
0.520929 0.313934
0.507838 0.311887
0.489549 0.309952
0.466194 0.309429
0.438280 0.311876
0.406876 0.319000
0.373699 0.332531
0.341032 0.354020
0.311457 0.384575
0.287511 0.424478
0.271385 0.472761
0.264774 0.526939
0.268854 0.583191
0.284291 0.637127
0.325299 0.700402
0.364291 0.733780
0.411080 0.758149
0.463225 0.773537
0.517594 0.780436
0.570891 0.779607
0.620287 0.771973
0.663859 0.758596
0.700699 0.740683
0.730741 0.719592
0.754478 0.696805
0.772697 0.673857
0.786283 0.652241
0.796089 0.633300
0.802862 0.618154
0.807195 0.607657
0.809494 0.602390
0.809961 0.602669
0.808576 0.608553
0.805099 0.619833
0.799069 0.636005
0.789811 0.656246
0.776465 0.679403
0.758023 0.704033
0.733410 0.728490
0.701630 0.751051
0.662015 0.770044
0.614584 0.783931
0.560441 0.791338
0.502021 0.791036
0.442910 0.781922
0.387168 0.763056
0.338441 0.733811
0.299338 0.694191
0.271298 0.645259
0.254824 0.589487
0.249794 0.530693
0.255670 0.473369
0.271541 0.421619
0.296057 0.378303
0.327342 0.344759
0.363024 0.321028
0.400446 0.306269
0.437024 0.299127
0.470624 0.297999
0.499799 0.301198
0.523823 0.307088
0.542560 0.314179
0.556266 0.321208
0.565379 0.327194
0.570356 0.331452
0.571564 0.333599
0.569211 0.333528
0.563334 0.331391
0.553812 0.327583
0.540420 0.322731
0.522919 0.317681
0.501177 0.313479
0.475307 0.311338
0.445819 0.312587
0.413719 0.318602
0.380527 0.330712
0.348166 0.350082
0.318744 0.377530
0.294301 0.413283
0.276601 0.456695
0.267039 0.506021
0.266633 0.558448
0.276059 0.610502
0.295649 0.658737
0.342176 0.715567
0.383392 0.744188
0.431361 0.764363
0.483701 0.776188
0.537495 0.780059
0.589768 0.776535
0.638021 0.766281
0.680575 0.750069
0.716636 0.728808
0.746147 0.703575
0.769546 0.675620
0.787547 0.646319
0.800981 0.617096
0.810690 0.589307
0.817475 0.564146
0.822052 0.542578
0.825039 0.525326
0.826931 0.512890
0.828090 0.505598
0.828728 0.503641
0.828900 0.507116
0.828499 0.516022
0.827254 0.530245
0.824735 0.549508
0.820362 0.573311
0.813415 0.600867
0.803046 0.631079
0.788297 0.662563
0.768145 0.693739
0.741572 0.722972
0.707719 0.748704
0.666125 0.769556
0.617060 0.784355
0.561868 0.792110
0.503098 0.791951
0.444250 0.783096
0.389095 0.764866
0.340904 0.736823
0.301952 0.699026
0.273467 0.652390
0.255864 0.598999
0.249041 0.542112
0.252577 0.485699
0.265789 0.433599
0.287673 0.388743
0.316805 0.352794
0.351288 0.326228
0.388832 0.308648
0.427000 0.299108
0.463543 0.296353
0.496697 0.298968
0.525345 0.305485
0.549006 0.314465
0.567709 0.324571
0.581817 0.334641
0.591860 0.343725
0.598405 0.351113
0.601954 0.356330
0.602884 0.359111
0.601417 0.359381
0.597605 0.357229
0.591341 0.352897
0.582383 0.346776
0.570396 0.339411
0.555014 0.331501
0.535922 0.323899
0.512956 0.317592
0.486223 0.313675
0.456209 0.313308
0.423847 0.317660
0.390515 0.327845
0.357931 0.344834
0.327965 0.369329
0.302426 0.401584
0.282893 0.441184
0.270634 0.486855
0.266600 0.536406
0.271466 0.586946
0.285657 0.635368
0.309315 0.678912
0.362099 0.729925
0.404547 0.753409
0.452446 0.769265
0.503580 0.777614
0.555373 0.778749
0.605292 0.773054
0.651249 0.760975
0.691841 0.743038
0.726391 0.719886
0.754814 0.692327
0.777441 0.661353
0.794841 0.628134
0.807701 0.593949
0.816740 0.560091
0.822667 0.527754
0.826159 0.497943
0.827846 0.471423
0.828303 0.448715
0.828042 0.430135
0.827501 0.415846
0.827031 0.405917
0.826887 0.400375
0.827214 0.399243
0.828040 0.402563
0.829273 0.410398
0.830706 0.422820
0.832015 0.439878
0.832775 0.461546
0.832463 0.487646
0.830473 0.517781
0.826118 0.551259
0.818638 0.587069
0.807208 0.623907
0.790948 0.660277
0.768965 0.694636
0.740436 0.725542
0.704751 0.751755
0.661752 0.772277
0.612011 0.786321
0.557070 0.793245
0.499470 0.792483
0.442433 0.783513
0.389260 0.765874
0.342720 0.739279
0.304707 0.703818
0.276237 0.660241
0.257655 0.610202
0.248891 0.556324
0.249631 0.501912
0.259387 0.450359
0.277461 0.404502
0.302861 0.366226
0.334219 0.336409
0.369767 0.315111
0.407451 0.301826
0.445149 0.295705
0.480949 0.295691
0.513376 0.300615
0.541503 0.309253
0.564942 0.320381
0.583736 0.332832
0.598232 0.345551
0.608949 0.357639
0.616468 0.368384
0.621355 0.377263
0.624107 0.383927
0.625110 0.388181
0.624626 0.389951
0.622780 0.389263
0.619564 0.386225
0.614844 0.381026
0.608376 0.373935
0.599829 0.365315
0.588816 0.355631
0.574937 0.345463
0.557830 0.335506
0.537247 0.326561
0.513130 0.319510
0.485701 0.315294
0.455526 0.314872
0.423547 0.319182
0.391045 0.329092
0.359537 0.345335
0.330618 0.368421
0.305801 0.398502
0.286395 0.435214
0.273454 0.477534
0.267780 0.523725
0.269964 0.571459
0.280410 0.618137
0.299338 0.661304
0.326709 0.698999
0.385304 0.743034
0.429001 0.761660
0.476890 0.773304
0.526859 0.778093
0.576602 0.776248
0.623960 0.768033
0.667217 0.753757
0.705260 0.733793
0.737568 0.708627
0.764094 0.678910
0.785123 0.645491
0.801128 0.609415
0.812675 0.571881
0.820362 0.534144
0.824787 0.497399
0.826528 0.462678
0.826145 0.430773
0.824173 0.402217
0.821127 0.377302
0.817490 0.356130
0.813713 0.338672
0.810203 0.324821
0.807310 0.314446
0.805312 0.307420
0.804412 0.303656
0.804719 0.303117
0.806249 0.305825
0.808920 0.311870
0.812552 0.321399
0.816875 0.334607
0.821538 0.351710
0.826118 0.372908
0.830133 0.398332
0.833053 0.427968
0.834304 0.461579
0.833278 0.498627
0.829322 0.538231
0.821746 0.579178
0.809813 0.620017
0.792762 0.659207
0.769839 0.695286
0.740384 0.727002
0.703974 0.753373
0.660636 0.773676
0.611087 0.787381
0.556912 0.794071
0.500537 0.793374
0.444917 0.784930
0.393012 0.768412
0.347285 0.743608
0.309424 0.710595
0.280351 0.669955
0.260399 0.622993
0.249535 0.571828
0.247520 0.519240
0.253988 0.468248
0.268437 0.421580
0.290164 0.381269
0.318176 0.348498
0.351135 0.323686
0.387367 0.306680
0.424987 0.296951
0.462104 0.293736
0.497052 0.296127
0.528572 0.303126
0.555884 0.313677
0.578671 0.326709
0.596991 0.341176
0.611173 0.356110
0.621706 0.370665
0.629157 0.384144
0.634103 0.396018
0.637083 0.405917
0.638564 0.413609
0.638922 0.418977
0.638429 0.421988
0.637250 0.422666
0.635440 0.421079
0.632952 0.417331
0.629644 0.411555
0.625284 0.403929
0.619570 0.394682
0.612142 0.384114
0.602601 0.372608
0.590547 0.360641
0.575607 0.348785
0.557489 0.337704
0.536041 0.328135
0.511315 0.320865
0.483627 0.316708
0.453602 0.316467
0.422179 0.320912
0.390558 0.330735
0.360100 0.346509
0.332200 0.368607
0.308157 0.397108
0.289087 0.431672
0.275890 0.471432
0.269258 0.514941
0.269708 0.560256
0.277613 0.605159
0.293210 0.647474
0.316560 0.685358
0.347456 0.717479
0.411936 0.754437
0.456667 0.768381
0.504326 0.775876
0.552906 0.777038
0.600355 0.772028
0.644863 0.761029
0.685070 0.744258
0.720140 0.721999
0.749719 0.694655
0.773825 0.662799
0.792726 0.627215
0.806828 0.588902
0.816605 0.549024
0.822547 0.508823
0.825144 0.469494
0.824870 0.432075
0.822191 0.397363
0.817562 0.365887
0.811436 0.337918
0.804265 0.313520
0.796496 0.292606
0.788570 0.274990
0.780910 0.260442
0.773913 0.248718
0.767934 0.239588
0.763277 0.232857
0.760183 0.228373
0.758823 0.226037
0.759286 0.225809
0.761582 0.227708
0.765633 0.231816
0.771280 0.238277
0.778279 0.247294
0.786319 0.259127
0.795020 0.274078
0.803955 0.292474
0.812657 0.314636
0.820636 0.340833
0.827385 0.371215
0.832388 0.405736
0.835118 0.444063
0.835034 0.485511
0.831572 0.529023
0.824135 0.573228
0.812094 0.616573
0.794796 0.657509
0.771607 0.694658
0.741989 0.726922
0.705642 0.753507
0.662688 0.773879
0.613883 0.787682
0.560757 0.794650
0.505573 0.794541
0.451046 0.787104
0.399890 0.772097
0.354381 0.749353
0.316108 0.718910
0.285972 0.681199
0.264330 0.637226
0.251194 0.588691
0.246384 0.537925
0.249616 0.487606
0.260516 0.440334
0.278576 0.398233
0.303082 0.362734
0.333034 0.334562
0.367112 0.313868
0.403717 0.300396
0.441097 0.293627
0.477542 0.292878
0.511579 0.297353
0.542114 0.306177
0.568481 0.318417
0.590419 0.333108
0.607998 0.349296
0.621527 0.366077
0.631464 0.382643
0.638349 0.398316
0.642744 0.412567
0.645197 0.425019
0.646204 0.435432
0.646200 0.443679
0.645538 0.449719
0.644483 0.453570
0.643214 0.455283
0.641824 0.454927
0.640320 0.452582
0.638631 0.448326
0.636612 0.442248
0.634054 0.434452
0.630685 0.425069
0.626185 0.414275
0.620194 0.402304
0.612328 0.389466
0.602198 0.376153
0.589439 0.362844
0.573745 0.350101
0.554909 0.338554
0.532874 0.328881
0.507791 0.321788
0.480054 0.317982
0.450334 0.318150
0.419555 0.322931
0.388846 0.332890
0.359446 0.348475
0.332590 0.369963
0.309414 0.397370
0.290886 0.430365
0.277785 0.468172
0.270715 0.509538
0.270131 0.552789
0.276372 0.595994
0.289669 0.637217
0.310124 0.674757
0.337644 0.707312
0.371842 0.734025
0.441994 0.763668
0.486967 0.772998
0.533583 0.776419
0.580013 0.774023
0.624517 0.765918
0.665656 0.752225
0.702409 0.733102
0.734194 0.708780
0.760801 0.679616
0.782300 0.646145
0.798937 0.609113
0.811057 0.569484
0.819043 0.528387
0.823287 0.487027
0.824172 0.446568
0.822069 0.408020
0.817339 0.372158
0.810342 0.339493
0.801441 0.310285
0.791013 0.284581
0.779448 0.262275
0.767152 0.243159
0.754542 0.226966
0.742035 0.213407
0.730042 0.202195
0.718953 0.193060
0.709128 0.185759
0.700883 0.180087
0.694486 0.175876
0.690146 0.172997
0.688016 0.171367
0.688182 0.170947
0.690666 0.171742
0.695423 0.173803
0.702337 0.177229
0.711226 0.182167
0.721836 0.188814
0.733852 0.197411
0.746899 0.208251
0.760559 0.221666
0.774376 0.238022
0.787882 0.257703
0.800600 0.281079
0.812063 0.308464
0.821817 0.340053
0.829421 0.375840
0.834443 0.415532
0.836447 0.458479
0.834986 0.503650
0.829584 0.549686
0.819732 0.595034
0.804892 0.638137
0.784524 0.677610
0.758140 0.712358
0.725411 0.741607
0.686308 0.764867
0.641283 0.781844
0.591420 0.792359
0.538480 0.796265
0.484763 0.793407
0.432775 0.783608
0.384835 0.766700
0.342761 0.742604
0.307746 0.711449
0.280418 0.673731
0.260985 0.630465
0.249401 0.583255
0.245489 0.534219
0.248998 0.485739
0.259611 0.440115
0.276908 0.399238
0.300298 0.364417
0.328950 0.336362
0.361748 0.315287
0.397310 0.301047
0.434072 0.293256
0.470444 0.291378
0.504980 0.294772
0.536522 0.302715
0.564278 0.314417
0.587829 0.329034
0.607081 0.345698
0.622195 0.363546
0.633510 0.381763
0.641480 0.399624
0.646616 0.416523
0.649447 0.431994
0.650490 0.445707
0.650225 0.457461
0.649081 0.467164
0.647424 0.474800
0.645551 0.480413
0.643686 0.484075
0.641983 0.485872
0.640526 0.485890
0.639336 0.484205
0.638371 0.480879
0.637534 0.475964
0.636676 0.469505
0.635598 0.461548
0.634059 0.452156
0.631777 0.441419
0.628434 0.429467
0.623692 0.416491
0.617193 0.402747
0.608581 0.388569
0.597521 0.374367
0.583724 0.360627
0.566976 0.347893
0.547183 0.336755
0.524408 0.327829
0.498911 0.321732
0.471178 0.319069
0.441922 0.320410
0.412055 0.326273
0.382632 0.337101
0.354759 0.353225
0.329510 0.374814
0.307850 0.401809
0.290590 0.433847
0.278384 0.470190
0.271737 0.509713
0.271035 0.550944
0.276570 0.592207
0.288550 0.631810
0.307081 0.668243
0.332121 0.700311
0.363404 0.727186
0.400350 0.748381
0.475284 0.770249
0.519627 0.775101
0.564380 0.774562
0.607965 0.768693
0.648987 0.757563
0.686368 0.741253
0.719391 0.719890
0.747690 0.693684
0.771173 0.662978
0.789945 0.628298
0.804229 0.590375
0.814312 0.550142
0.820499 0.508686
0.823093 0.467153
0.822385 0.426640
0.818652 0.388094
0.812159 0.352238
0.803173 0.319545
0.791967 0.290254
0.778831 0.264404
0.764079 0.241890
0.748053 0.222505
0.731122 0.205987
0.713679 0.192044
0.696130 0.180382
0.678884 0.170715
0.662338 0.162775
0.646867 0.156317
0.632811 0.151124
0.620470 0.147006
0.610098 0.143801
0.601901 0.141378
0.596042 0.139633
0.592640 0.138495
0.591774 0.137924
0.593481 0.137909
0.597760 0.138473
0.604567 0.139671
0.613810 0.141592
0.625347 0.144358
0.638978 0.148125
0.654442 0.153086
0.671419 0.159470
0.689532 0.167543
0.708356 0.177609
0.727431 0.190007
0.746283 0.205109
0.764438 0.223306
0.781441 0.244988
0.796862 0.270516
0.810309 0.300165
0.821418 0.334063
0.829850 0.372101
0.835279 0.413858
0.837374 0.458545
0.835785 0.505010
0.830132 0.551824
0.820000 0.597442
0.804945 0.640385
0.784525 0.679402
0.758348 0.713556
0.726172 0.742224
0.688027 0.765045
0.644365 0.781831
0.596184 0.792487
0.545062 0.796938
0.493043 0.795094
0.442366 0.786836
0.395138 0.772034
0.353061 0.750610
0.317301 0.722628
0.288521 0.688417
0.266986 0.648699
0.252712 0.604684
0.245574 0.558057
0.245381 0.510842
0.251898 0.465141
0.264831 0.422856
0.283784 0.385468
0.308192 0.353947
0.337272 0.328787
0.369984 0.310097
0.405060 0.297718
0.441085 0.291311
0.476623 0.290419
0.510369 0.294499
0.541265 0.302936
0.568569 0.315051
0.591861 0.330107
0.611011 0.347327
0.626121 0.365920
0.637459 0.385120
0.645409 0.404219
0.650421 0.422607
0.652977 0.439791
0.653564 0.455408
0.652652 0.469217
0.650679 0.481094
0.648039 0.491003
0.645071 0.498976
0.642060 0.505092
0.639228 0.509455
0.636741 0.512173
0.634707 0.513355
0.633183 0.513091
0.632176 0.511454
0.631650 0.508497
0.631527 0.504251
0.631692 0.498732
0.631993 0.491946
0.632244 0.483895
0.632230 0.474592
0.631702 0.464069
0.630387 0.452389
0.627989 0.439659
0.624196 0.426042
0.618687 0.411766
0.611148 0.397127
0.601281 0.382489
0.588832 0.368280
0.573607 0.354982
0.555511 0.343111
0.534573 0.333207
0.510983 0.325810
0.485115 0.321448
0.457533 0.320622
0.428983 0.323794
0.400350 0.331368
0.372595 0.343670
0.346687 0.360918
0.323533 0.383175
0.303926 0.410294
0.288528 0.441860
0.277864 0.477142
0.272345 0.515093
0.272286 0.554403
0.277929 0.593609
0.289449 0.631255
0.306937 0.666036
0.330367 0.696907
0.359533 0.723124
0.393979 0.744220
0.432933 0.759957
0.511369 0.773689
0.554426 0.774222
0.596777 0.769780
0.637121 0.760399
0.674396 0.746122
0.707840 0.727014
0.736998 0.703203
0.761674 0.674912
0.781871 0.642512
0.797720 0.606559
0.809429 0.567804
0.817234 0.527181
0.821379 0.485745
0.822096 0.444582
0.819599 0.404704
0.814089 0.366963
0.805756 0.331994
0.794789 0.300202
0.781387 0.271775
0.765768 0.246729
0.748183 0.224947
0.728916 0.206227
0.708295 0.190316
0.686682 0.176937
0.664471 0.165808
0.642075 0.156653
0.619908 0.149211
0.598374 0.143236
0.577845 0.138503
0.558654 0.134807
0.541086 0.131962
0.525378 0.129801
0.511716 0.128177
0.500245 0.126965
0.491070 0.126057
0.484272 0.125370
0.479908 0.124839
0.478021 0.124425
0.478639 0.124111
0.481784 0.123903
0.487465 0.123833
0.495676 0.123956
0.506391 0.124350
0.519555 0.125121
0.535071 0.126395
0.552793 0.128325
0.572514 0.131089
0.593960 0.134889
0.616787 0.139956
0.640585 0.146550
0.664894 0.154961
0.689220 0.165508
0.713058 0.178544
0.735916 0.194442
0.757336 0.213591
0.776907 0.236367
0.794270 0.263106
0.809116 0.294040
0.821177 0.329236
0.830209 0.368510
0.835976 0.411356
0.838237 0.456905
0.836723 0.503947
0.831132 0.551042
0.821124 0.596676
0.806330 0.639449
0.786379 0.678210
0.760947 0.712124
0.729838 0.740663
0.693092 0.763544
0.651115 0.780642
0.604780 0.791916
0.555468 0.797341
0.504984 0.796874
0.455343 0.790439
0.408495 0.777938
0.366073 0.759293
0.329262 0.734515
0.298785 0.703800
0.274984 0.667640
0.257942 0.626913
0.247589 0.582927
0.243778 0.537354
0.246329 0.492066
0.255025 0.448902
0.269594 0.409443
0.289661 0.374874
0.314689 0.345941
0.343937 0.323002
0.376436 0.306112
0.411015 0.295114
0.446376 0.289710
0.481205 0.289508
0.514304 0.294042
0.544690 0.302783
0.571653 0.315138
0.594773 0.330454
0.613887 0.348030
0.629045 0.367136
0.640456 0.387046
0.648442 0.407071
0.653397 0.426597
0.655754 0.445107
0.655966 0.462205
0.654481 0.477612
0.651731 0.491165
0.648119 0.502798
0.644006 0.512525
0.639710 0.520416
0.635497 0.526579
0.631583 0.531143
0.628131 0.534241
0.625258 0.536000
0.623037 0.536532
0.621498 0.535927
0.620637 0.534256
0.620418 0.531560
0.620776 0.527863
0.621617 0.523164
0.622823 0.517448
0.624252 0.510689
0.625736 0.502860
0.627084 0.493934
0.628081 0.483903
0.628491 0.472781
0.628058 0.460616
0.626510 0.447501
0.623563 0.433584
0.618931 0.419071
0.612332 0.404230
0.603506 0.389392
0.592224 0.374943
0.578313 0.361316
0.561679 0.348973
0.542334 0.338395
0.520419 0.330067
0.496228 0.324458
0.470221 0.322017
0.443014 0.323158
0.415357 0.328253
0.388089 0.337613
0.362080 0.351469
0.338169 0.369944
0.317120 0.393011
0.299589 0.420446
0.286114 0.451781
0.277120 0.486286
0.272943 0.522967
0.273841 0.560631
0.280014 0.597985
0.291607 0.633760
0.308692 0.666829
0.331241 0.696287
0.359074 0.721479
0.391800 0.741985
0.428763 0.757573
0.469022 0.768147
0.549542 0.773479
0.590308 0.769835
0.629439 0.761608
0.665946 0.748816
0.699086 0.731494
0.728373 0.709715
0.753556 0.683628
0.774567 0.653494
0.791467 0.619729
0.804399 0.582926
0.813542 0.543856
0.819090 0.503436
0.821227 0.462665
0.820125 0.422538
0.815933 0.383953
0.808790 0.347646
0.798822 0.314148
0.786155 0.283785
0.770928 0.256697
0.753301 0.232874
0.733470 0.212197
0.711672 0.194477
0.688196 0.179480
0.663379 0.166955
0.637603 0.156647
0.611284 0.148304
0.584851 0.141689
0.558731 0.136576
0.533324 0.132753
0.508993 0.130026
0.486042 0.128210
0.464720 0.127135
0.445215 0.126644
0.427657 0.126589
0.412132 0.126837
0.398688 0.127265
0.387344 0.127765
0.378102 0.128240
0.370957 0.128613
0.365899 0.128819
0.362926 0.128813
0.362039 0.128568
0.363253 0.128078
0.366592 0.127354
0.372093 0.126429
0.379799 0.125354
0.389757 0.124200
0.402012 0.123057
0.416596 0.122029
0.433520 0.121241
0.452756 0.120832
0.474225 0.120956
0.497784 0.121784
0.523209 0.123504
0.550192 0.126323
0.578342 0.130467
0.607192 0.136186
0.636223 0.143754
0.664888 0.153473
0.692647 0.165671
0.718996 0.180698
0.743485 0.198919
0.765734 0.220692
0.785435 0.246341
0.802343 0.276106
0.816260 0.310085
0.827023 0.348154
0.834475 0.389901
0.838455 0.434576
0.838779 0.481097
0.835228 0.528133
0.827544 0.574239
0.815434 0.618028
0.798587 0.658320
0.776706 0.694224
0.749564 0.725151
0.717087 0.750771
0.679454 0.770941
0.637197 0.785625
0.591278 0.794832
0.543076 0.798567
0.494291 0.796805
0.446736 0.789490
0.402104 0.776546
0.361785 0.757917
0.326767 0.733630
0.297649 0.703871
0.274711 0.669081
0.258019 0.630032
0.247510 0.587860
0.243058 0.544020
0.244513 0.500162
0.251698 0.457942
0.264402 0.418833
0.282334 0.383990
0.305084 0.354198
0.332074 0.329892
0.362529 0.311226
0.395477 0.298143
0.429791 0.290447
0.464272 0.287846
0.497756 0.289981
0.529211 0.296433
0.557817 0.306723
0.583003 0.320317
0.604442 0.336618
0.622026 0.354983
0.635821 0.374740
0.646027 0.395214
0.652936 0.415763
0.656903 0.435806
0.658322 0.454853
0.657605 0.472521
0.655166 0.488537
0.651411 0.502736
0.646726 0.515049
0.641465 0.525484
0.635947 0.534111
0.630448 0.541040
0.625199 0.546407
0.620387 0.550360
0.616153 0.553045
0.612598 0.554601
0.609786 0.555148
0.607749 0.554788
0.606490 0.553600
0.605986 0.551638
0.606194 0.548933
0.607051 0.545494
0.608478 0.541308
0.610377 0.536348
0.612635 0.530573
0.615119 0.523933
0.617681 0.516379
0.620154 0.507863
0.622352 0.498352
0.624070 0.487830
0.625088 0.476311
0.625171 0.463845
0.624072 0.450527
0.621539 0.436500
0.617318 0.421966
0.611165 0.407178
0.602855 0.392445
0.592195 0.378123
0.579044 0.364603
0.563325 0.352304
0.545056 0.341654
0.524363 0.333083
0.501500 0.327008
0.476861 0.323825
0.450975 0.323900
0.424487 0.327563
0.398128 0.335094
0.372664 0.346715
0.348853 0.362560
0.327398 0.382653
0.308918 0.406871
0.293932 0.434903
0.282863 0.466226
0.276044 0.500092
0.273736 0.535554
0.276147 0.571524
0.283435 0.606867
0.295711 0.640500
0.313020 0.671476
0.335319 0.699042
0.362427 0.722654
0.393985 0.741958
0.429407 0.756754
0.467866 0.766951
0.508312 0.772524
0.588839 0.769080
0.626587 0.761362
0.661989 0.749382
0.694353 0.733156
0.723207 0.712730
0.748282 0.688210
0.769477 0.659794
0.786811 0.627808
0.800379 0.592734
0.810322 0.555218
0.816792 0.516055
0.819941 0.476144
0.819905 0.436417
0.816805 0.397760
0.810739 0.360942
0.801795 0.326565
0.790050 0.295044
0.775588 0.266614
0.758503 0.241355
0.738919 0.219226
0.716996 0.200099
0.692948 0.183793
0.667046 0.170094
0.639621 0.158777
0.611060 0.149614
0.581792 0.142385
0.552269 0.136880
0.522946 0.132902
0.494250 0.130265
0.466567 0.128793
0.440219 0.128323
0.415461 0.128697
0.392475 0.129767
0.371379 0.131389
0.352232 0.133425
0.335046 0.135743
0.319800 0.138216
0.306449 0.140723
0.294932 0.143152
0.285184 0.145397
0.277140 0.147365
0.270740 0.148974
0.265935 0.150155
0.262689 0.150855
0.260979 0.151037
0.260801 0.150682
0.262166 0.149790
0.265104 0.148377
0.269662 0.146481
0.275904 0.144153
0.283912 0.141465
0.293779 0.138504
0.305606 0.135368
0.319502 0.132171
0.335567 0.129038
0.353890 0.126101
0.374529 0.123503
0.397498 0.121395
0.422749 0.119937
0.450151 0.119296
0.479478 0.119652
0.510400 0.121196
0.542484 0.124137
0.575209 0.128700
0.607994 0.135134
0.640232 0.143711
0.671335 0.154728
0.700763 0.168505
0.728057 0.185379
0.752846 0.205687
0.774848 0.229743
0.793860 0.257797
0.809736 0.289986
0.822372 0.326262
0.831675 0.366328
0.837551 0.409580
0.839885 0.455098
0.838531 0.501687
0.833302 0.547995
0.823974 0.592660
0.810292 0.634460
0.791991 0.672424
0.768839 0.705866
0.740687 0.734372
0.707548 0.757742
0.669687 0.775913
0.627701 0.788901
0.582567 0.796739
0.535612 0.799448
0.488407 0.797017
0.442584 0.789401
0.399643 0.776539
0.360802 0.758386
0.326926 0.734969
0.298545 0.706451
0.275910 0.673209
0.259086 0.635903
0.248023 0.595506
0.242617 0.553281
0.242739 0.510687
0.248246 0.469229
0.258970 0.430292
0.274692 0.395017
0.295100 0.364232
0.319750 0.338451
0.348033 0.317917
0.379155 0.302668
0.412161 0.292598
0.445979 0.287499
0.479509 0.287097
0.511711 0.291063
0.541690 0.299016
0.568754 0.310521
0.592428 0.325085
0.612453 0.342158
0.628755 0.361142
0.641408 0.381408
0.650598 0.402322
0.656592 0.423275
0.659713 0.443714
0.660318 0.463167
0.658787 0.481260
0.655503 0.497723
0.650850 0.512386
0.645197 0.525174
0.638890 0.536088
0.632245 0.545191
0.625546 0.552590
0.619032 0.558424
0.612906 0.562846
0.607327 0.566014
0.602416 0.568084
0.598255 0.569199
0.594899 0.569488
0.592371 0.569058
0.590673 0.567995
0.589788 0.566364
0.589681 0.564206
0.590305 0.561539
0.591603 0.558363
0.593503 0.554658
0.595926 0.550388
0.598781 0.545505
0.601964 0.539951
0.605359 0.533663
0.608836 0.526576
0.612252 0.518631
0.615444 0.509776
0.618238 0.499979
0.620442 0.489230
0.621853 0.477546
0.622254 0.464985
0.621422 0.451646
0.619131 0.437676
0.615156 0.423269
0.609285 0.408671
0.601322 0.394173
0.591106 0.380105
0.578518 0.366829
0.563502 0.354724
0.546082 0.344179
0.526376 0.335580
0.504613 0.329300
0.481140 0.325694
0.456421 0.325088
0.431025 0.327779
0.405593 0.334020
0.380809 0.344016
0.357357 0.357903
0.335883 0.375731
0.316965 0.397431
0.301100 0.422791
0.288697 0.451422
0.280086 0.482751
0.275527 0.516017
0.275229 0.550317
0.279353 0.584658
0.288023 0.618043
0.301320 0.649549
0.319261 0.678388
0.341778 0.703943
0.368679 0.725771
0.399607 0.743585
0.434013 0.757223
0.471137 0.766605
0.510036 0.771708
0.549640 0.772530
0.628097 0.759916
0.662162 0.748193
0.693407 0.732486
0.721398 0.712829
0.745881 0.689304
0.766745 0.662076
0.783988 0.631416
0.797678 0.597736
0.807925 0.561591
0.814855 0.523682
0.818591 0.484813
0.819245 0.445843
0.816914 0.407613
0.811671 0.370883
0.803577 0.336274
0.792679 0.304249
0.779022 0.275102
0.762656 0.248977
0.743651 0.225895
0.722112 0.205784
0.698188 0.188507
0.672087 0.173892
0.644084 0.161743
0.614522 0.151861
0.583807 0.144049
0.552391 0.138116
0.520751 0.133883
0.489363 0.131185
0.458676 0.129863
0.429084 0.129771
0.400913 0.130769
0.374410 0.132723
0.349745 0.135505
0.327015 0.138988
0.306252 0.143045
0.287443 0.147551
0.270532 0.152382
0.255441 0.157410
0.242075 0.162513
0.230331 0.167565
0.220105 0.172448
0.211296 0.177044
0.203812 0.181245
0.197569 0.184949
0.192494 0.188067
0.188529 0.190519
0.185627 0.192241
0.183756 0.193186
0.182900 0.193321
0.183055 0.192633
0.184234 0.191126
0.186465 0.188823
0.189793 0.185766
0.194278 0.182013
0.199997 0.177641
0.207043 0.172739
0.215526 0.167413
0.225569 0.161777
0.237311 0.155957
0.250897 0.150085
0.266479 0.144296
0.284204 0.138733
0.304206 0.133537
0.326588 0.128852
0.351408 0.124826
0.378653 0.121604
0.408223 0.119341
0.439906 0.118194
0.473370 0.118331
0.508160 0.119930
0.543716 0.123190
0.579402 0.128324
0.614550 0.135572
0.648510 0.145196
0.680695 0.157482
0.710607 0.172736
0.737860 0.191269
0.762176 0.213384
0.783367 0.239341
0.801321 0.269312
0.815972 0.303328
0.827278 0.341211
0.835198 0.382519
0.839677 0.426511
0.840629 0.472168
0.837933 0.518262
0.831426 0.563486
0.820909 0.606594
0.806161 0.646527
0.786958 0.682484
0.763116 0.713935
0.734542 0.740582
0.701306 0.762304
0.663716 0.779089
0.622385 0.790978
0.578257 0.798021
0.532577 0.800245
0.486787 0.797650
0.442365 0.790199
0.400666 0.777842
0.362791 0.760538
0.329534 0.738305
0.301388 0.711271
0.278601 0.679746
0.261248 0.644275
0.249297 0.605679
0.242662 0.565044
0.241234 0.523655
0.244896 0.482879
0.253515 0.444027
0.266923 0.408230
0.284889 0.376360
0.307081 0.349011
0.333028 0.326519
0.362102 0.309012
0.393508 0.296467
0.426319 0.288755
0.459525 0.285674
0.492114 0.286970
0.523155 0.292340
0.551859 0.301439
0.577627 0.313864
0.600057 0.329160
0.618936 0.346812
0.634207 0.366261
0.645948 0.386911
0.654328 0.408161
0.659590 0.429429
0.662030 0.450183
0.661972 0.469963
0.659767 0.488400
0.655774 0.505222
0.650355 0.520254
0.643863 0.533411
0.636636 0.544684
0.628989 0.554126
0.621208 0.561839
0.613542 0.567955
0.606206 0.572629
0.599372 0.576026
0.593176 0.578311
0.587718 0.579641
0.583065 0.580163
0.579257 0.580009
0.576309 0.579289
0.574216 0.578097
0.572959 0.576501
0.572507 0.574553
0.572818 0.572280
0.573843 0.569692
0.575529 0.566780
0.577814 0.563520
0.580632 0.559871
0.583910 0.555783
0.587567 0.551193
0.591513 0.546035
0.595649 0.540236
0.599862 0.533726
0.604029 0.526435
0.608010 0.518306
0.611655 0.509293
0.614797 0.499370
0.617259 0.488534
0.618849 0.476816
0.619372 0.464281
0.618623 0.451034
0.616398 0.437225
0.612500 0.423048
0.606740 0.408741
0.598950 0.394580
0.588995 0.380875
0.576779 0.367961
0.562263 0.356187
0.545480 0.345907
0.526545 0.337471
0.505671 0.331217
0.483175 0.327464
0.459474 0.326506
0.435074 0.328610
0.410551 0.334005
0.386519 0.342879
0.363598 0.355363
0.342378 0.371516
0.323397 0.391301
0.307125 0.414564
0.293953 0.441005
0.284201 0.470168
0.278127 0.501433
0.275934 0.534041
0.277785 0.567131
0.283808 0.599806
0.294095 0.631197
0.308694 0.660526
0.327594 0.687146
0.350696 0.710563
0.377782 0.730426
0.408485 0.746513
0.442264 0.758695
0.478401 0.766914
0.516024 0.771147
0.554165 0.771391
0.591832 0.767648
0.261770 0.584480
