0.497102 0.249915
0.475987 0.244665
0.476537 0.243125
0.498854 0.246499
0.524983 0.254350
0.535164 0.259748
0.523074 0.257005
0.488078 0.249832
0.459311 0.244323
0.441625 0.241251
0.440575 0.239345
0.457044 0.238925
0.486470 0.242099
0.519652 0.250215
0.546518 0.261205
0.560564 0.270010
0.559864 0.272171
0.545255 0.267122
0.519480 0.258213
0.478303 0.249858
0.448160 0.245224
0.423588 0.242927
0.407989 0.241600
0.403547 0.240013
0.411159 0.237885
0.430308 0.236194
0.458737 0.236755
0.492300 0.241249
0.525669 0.250154
0.553865 0.262151
0.573681 0.274385
0.584003 0.283549
0.585068 0.287220
0.577482 0.284733
0.561763 0.277265
0.538654 0.267257
0.509824 0.257442
0.467786 0.250064
0.438363 0.246521
0.412025 0.245219
0.390726 0.245220
0.375914 0.245409
0.368545 0.244824
0.369185 0.242959
0.378069 0.239956
0.395025 0.236621
0.419266 0.234227
0.449168 0.234175
0.482221 0.237578
0.515334 0.244900
0.545474 0.255726
0.570323 0.268750
0.588650 0.282026
0.600242 0.293426
0.605535 0.301152
0.605145 0.304123
0.599523 0.302134
0.588817 0.295808
0.572996 0.286421
0.552130 0.275627
0.526736 0.265125
0.498002 0.256321
0.456543 0.250523
0.428567 0.248081
0.402495 0.247707
0.379509 0.248800
0.360522 0.250590
0.346173 0.252259
0.336883 0.253069
0.332936 0.252492
0.334540 0.250314
0.341849 0.246690
0.354929 0.242145
0.373662 0.237500
0.397610 0.233748
0.425881 0.231890
0.457073 0.232776
0.489360 0.236951
0.520731 0.244542
0.549329 0.255198
0.573746 0.268095
0.593185 0.282024
0.607453 0.295578
0.616820 0.307368
0.621812 0.316242
0.622998 0.321424
0.620822 0.322582
0.615506 0.319806
0.607036 0.313565
0.595231 0.304631
0.579865 0.293995
0.560827 0.282756
0.538267 0.271995
0.512706 0.262644
0.485054 0.255373
0.444600 0.251313
0.417677 0.249914
0.392147 0.250465
0.368820 0.252542
0.348325 0.255596
0.331105 0.259003
0.317444 0.262123
0.307514 0.264361
0.301424 0.265233
0.299271 0.264429
0.301164 0.261852
0.307238 0.257644
0.317629 0.252186
0.332431 0.246059
0.351625 0.239992
0.374984 0.234779
0.401992 0.231197
0.431787 0.229929
0.463179 0.231483
0.494750 0.236144
0.525036 0.243919
0.552723 0.254518
0.576816 0.267356
0.596726 0.281590
0.612273 0.296207
0.623619 0.310138
0.631161 0.322387
0.635413 0.332131
0.636892 0.338794
0.636025 0.342068
0.633086 0.341895
0.628168 0.338447
0.621191 0.332087
0.611946 0.323339
0.600155 0.312861
0.585556 0.301401
0.567986 0.289748
0.547463 0.278669
0.524240 0.268847
0.498829 0.260816
0.471977 0.254925
0.431990 0.252520
0.406455 0.252138
0.382018 0.253548
0.359244 0.256452
0.338576 0.260470
0.320330 0.265154
0.304700 0.270022
0.291793 0.274578
0.281651 0.278348
0.274287 0.280916
0.269713 0.281951
0.267959 0.281240
0.269090 0.278711
0.273210 0.274446
0.280456 0.268682
0.290981 0.261799
0.304923 0.254294
0.322360 0.246748
0.343260 0.239777
0.367419 0.233995
0.394415 0.229961
0.423580 0.228153
0.454021 0.228925
0.484686 0.232492
0.514469 0.238901
0.542335 0.248015
0.567434 0.259508
0.589172 0.272872
0.607238 0.287442
0.621585 0.302449
0.632390 0.317085
0.639985 0.330577
0.644800 0.342255
0.647288 0.351594
0.647876 0.358241
0.646910 0.362007
0.644628 0.362854
0.641142 0.360875
0.636436 0.356270
0.630382 0.349331
0.622767 0.340435
0.613326 0.330033
0.601789 0.318634
0.587928 0.306792
0.571598 0.295072
0.552782 0.284021
0.531621 0.274129
0.508425 0.265802
0.483671 0.259332
0.457964 0.254891
0.418760 0.254230
0.394361 0.254841
0.370926 0.257127
0.348876 0.260863
0.328540 0.265770
0.310150 0.271515
0.293851 0.277731
0.279711 0.284026
0.267742 0.289998
0.257922 0.295257
0.250213 0.299443
0.244576 0.302243
0.240993 0.303414
0.239468 0.302797
0.240043 0.300331
0.242796 0.296062
0.247842 0.290144
0.255327 0.282840
0.265413 0.274504
0.278259 0.265567
0.293995 0.256515
0.312690 0.247854
0.334306 0.240089
0.358667 0.233694
0.385423 0.229091
0.414038 0.226633
0.443801 0.226587
0.473876 0.229122
0.503367 0.234302
0.531413 0.242067
0.557262 0.252231
0.580334 0.264475
0.600255 0.278355
0.616855 0.293321
0.630153 0.308750
0.640323 0.323990
0.647654 0.338410
0.652508 0.351446
0.655284 0.362632
0.656374 0.371622
0.656133 0.378194
0.654854 0.382238
0.652746 0.383740
0.649926 0.382766
0.646413 0.379446
0.642139 0.373965
0.636958 0.366553
0.630665 0.357487
0.623016 0.347093
0.613759 0.335736
0.602657 0.323819
0.589516 0.311767
0.574213 0.300014
0.556722 0.288974
0.537129 0.279027
0.515645 0.270492
0.492597 0.263620
0.468422 0.258578
0.443627 0.255448
0.404968 0.256537
0.382242 0.258069
0.360364 0.261095
0.339635 0.265459
0.320292 0.270964
0.302503 0.277379
0.286373 0.284447
0.271952 0.291884
0.259246 0.299392
0.248227 0.306665
0.238845 0.313396
0.231044 0.319293
0.224763 0.324086
0.219953 0.327539
0.216579 0.329460
0.214628 0.329707
0.214113 0.328202
0.215075 0.324934
0.217582 0.319961
0.221733 0.313414
0.227651 0.305495
0.235479 0.296472
0.245370 0.286666
0.257475 0.276441
0.271926 0.266189
0.288818 0.256308
0.308183 0.247192
0.329966 0.239208
0.353998 0.232692
0.379982 0.227934
0.407489 0.225174
0.435962 0.224593
0.464756 0.226313
0.493176 0.230388
0.520539 0.236796
0.546223 0.245437
0.569718 0.256124
0.590645 0.268584
0.608772 0.282459
0.624009 0.297322
0.636392 0.312693
0.646060 0.328068
0.653237 0.342951
0.658201 0.356882
0.661269 0.369463
0.662766 0.380375
0.663010 0.389383
0.662291 0.396340
0.660858 0.401170
0.658902 0.403863
0.656555 0.404458
0.653882 0.403033
0.650882 0.399695
0.647495 0.394573
0.643605 0.387822
0.639055 0.379619
0.633655 0.370167
0.627196 0.359696
0.619465 0.348466
0.610260 0.336761
0.599406 0.324888
0.586769 0.313162
0.572274 0.301897
0.555913 0.291396
0.537758 0.281929
0.517967 0.273732
0.496776 0.266994
0.474498 0.261849
0.451500 0.258381
0.428186 0.256618
0.390687 0.259539
0.369097 0.262006
0.348327 0.265868
0.328608 0.271001
0.310119 0.277254
0.292989 0.284449
0.277294 0.292388
0.263069 0.300851
0.250313 0.309602
0.238995 0.318392
0.229065 0.326967
0.220461 0.335071
0.213114 0.342455
0.206956 0.348884
0.201927 0.354140
0.197975 0.358034
0.195064 0.360408
0.193174 0.361142
0.192307 0.360159
0.192486 0.357429
0.193757 0.352972
0.196191 0.346860
0.199880 0.339222
0.204935 0.330235
0.211487 0.320131
0.219679 0.309180
0.229659 0.297690
0.241571 0.285992
0.255546 0.274427
0.271682 0.263337
0.290035 0.253049
0.310590 0.243869
0.333251 0.236071
0.357822 0.229898
0.383998 0.225550
0.411366 0.223189
0.439424 0.222935
0.467602 0.224862
0.495307 0.228996
0.521959 0.235311
0.547036 0.243721
0.570105 0.254080
0.590839 0.266172
0.609025 0.279719
0.624564 0.294381
0.637458 0.309772
0.647795 0.325471
0.655736 0.341051
0.661495 0.356097
0.665325 0.370229
0.667506 0.383120
0.668322 0.394509
0.668056 0.404201
0.666970 0.412072
0.665300 0.418055
0.663242 0.422137
0.660946 0.424341
0.658515 0.424724
0.655998 0.423358
0.653398 0.420333
0.650669 0.415748
0.647722 0.409711
0.644433 0.402345
0.640649 0.393781
0.636197 0.384172
0.630890 0.373690
0.624538 0.362529
0.616959 0.350905
0.607987 0.339054
0.597482 0.327225
0.585344 0.315674
0.571518 0.304652
0.556002 0.294402
0.538859 0.285143
0.520214 0.277065
0.500254 0.270325
0.479227 0.265044
0.457426 0.261302
0.435176 0.259139
0.412818 0.258562
0.376000 0.263337
0.355921 0.266650
0.336618 0.271221
0.318260 0.276956
0.300979 0.283742
0.284866 0.291450
0.269979 0.299933
0.256340 0.309028
0.243948 0.318560
0.232775 0.328341
0.222781 0.338174
0.213909 0.347857
0.206099 0.357187
0.199284 0.365961
0.193398 0.373984
0.188379 0.381072
0.184172 0.387054
0.180727 0.391779
0.178007 0.395115
0.175988 0.396954
0.174658 0.397217
0.174022 0.395852
0.174101 0.392839
0.174931 0.388192
0.176568 0.381963
0.179081 0.374240
0.182558 0.365147
0.187100 0.354850
0.192821 0.343548
0.199845 0.331472
0.208304 0.318879
0.218328 0.306041
0.230044 0.293244
0.243564 0.280769
0.258978 0.268892
0.276339 0.257872
0.295651 0.247948
0.316858 0.239331
0.339827 0.232208
0.364347 0.226735
0.390121 0.223042
0.416773 0.221227
0.443866 0.221363
0.470920 0.223490
0.497447 0.227617
0.522975 0.233715
0.547078 0.241717
0.569402 0.251512
0.589669 0.262938
0.607692 0.275790
0.623365 0.289811
0.636662 0.304705
0.647626 0.320144
0.656356 0.335781
0.663001 0.351264
0.667745 0.366257
0.670800 0.380450
0.672396 0.393575
0.672772 0.405414
0.672164 0.415802
0.670803 0.424625
0.668901 0.431819
0.666646 0.437361
0.664197 0.441263
0.661682 0.443560
0.659190 0.444307
0.656773 0.443567
0.654447 0.441412
0.652194 0.437916
0.649962 0.433154
0.647670 0.427206
0.645213 0.420152
0.642465 0.412081
0.639282 0.403094
0.635514 0.393302
0.631001 0.382833
0.625586 0.371833
0.619117 0.360465
0.611456 0.348906
0.602483 0.337349
0.592103 0.325991
0.580253 0.315032
0.566907 0.304666
0.552082 0.295078
0.535839 0.286434
0.518288 0.278880
0.499584 0.272537
0.479922 0.267500
0.459536 0.263835
0.438681 0.261583
0.417628 0.260760
0.396648 0.261356
0.361007 0.268037
0.342276 0.272185
0.324299 0.277483
0.307200 0.283856
0.291078 0.291217
0.275998 0.299466
0.261999 0.308490
0.249096 0.318164
0.237284 0.328353
0.226540 0.338910
0.216827 0.349680
0.208097 0.360502
0.200297 0.371211
0.193367 0.381638
0.187247 0.391619
0.181875 0.400990
0.177193 0.409595
0.173145 0.417289
0.169681 0.423935
0.166757 0.429410
0.164339 0.433608
0.162399 0.436434
0.160921 0.437814
0.159899 0.437691
0.159339 0.436027
0.159259 0.432807
0.159689 0.428037
0.160672 0.421750
0.162264 0.414003
0.164532 0.404883
0.167555 0.394507
0.171424 0.383018
0.176239 0.370591
0.182107 0.357424
0.189144 0.343734
0.197466 0.329758
0.207191 0.315737
0.218429 0.301918
0.231283 0.288541
0.245834 0.275834
0.262139 0.264010
0.280215 0.253263
0.300036 0.243763
0.321518 0.235659
0.344514 0.229078
0.368812 0.224122
0.394129 0.220878
0.420126 0.219408
0.446416 0.219757
0.472589 0.221947
0.498225 0.225977
0.522926 0.231824
0.546333 0.239432
0.568137 0.248715
0.588099 0.259550
0.606044 0.271780
0.621865 0.285205
0.635519 0.299595
0.647018 0.314684
0.656422 0.330188
0.663832 0.345808
0.669383 0.361248
0.673236 0.376222
0.675572 0.390469
0.676587 0.403763
0.676482 0.415915
0.675465 0.426781
0.673735 0.436261
0.671484 0.444292
0.668889 0.450850
0.666106 0.455940
0.663270 0.459589
0.660486 0.461841
0.657835 0.462751
0.655368 0.462380
0.653106 0.460790
0.651047 0.458042
0.649160 0.454198
0.647391 0.449313
0.645667 0.443444
0.643895 0.436648
0.641969 0.428984
0.639770 0.420518
0.637169 0.411323
0.634033 0.401484
0.630227 0.391100
0.625617 0.380283
0.620075 0.369161
0.613482 0.357875
0.605736 0.346574
0.596748 0.335420
0.586458 0.324573
0.574827 0.314197
0.561850 0.304447
0.547553 0.295468
0.532000 0.287394
0.515289 0.280338
0.497554 0.274397
0.478960 0.269648
0.459699 0.266148
0.439983 0.263934
0.420034 0.263023
0.400079 0.263417
0.380335 0.265099
0.345818 0.273749
0.328341 0.278725
0.311605 0.284762
0.295703 0.291798
0.280705 0.299763
0.266658 0.308577
0.253587 0.318149
0.241500 0.328380
0.230388 0.339161
0.220230 0.350375
0.210992 0.361897
0.202633 0.373594
0.195107 0.385332
0.188360 0.396971
0.182340 0.408371
0.176990 0.419393
0.172256 0.429900
0.168083 0.439763
0.164420 0.448855
0.161217 0.457061
0.158432 0.464274
0.156026 0.470395
0.153965 0.475337
0.152222 0.479024
0.150780 0.481389
0.149627 0.482379
0.148760 0.481951
0.148186 0.480076
0.147921 0.476737
0.147988 0.471933
0.148424 0.465681
0.149272 0.458014
0.150586 0.448989
0.152429 0.438681
0.154871 0.427193
0.157993 0.414648
0.161882 0.401196
0.166633 0.387008
0.172344 0.372272
0.179119 0.357195
0.187065 0.341989
0.196284 0.326875
0.206878 0.312068
0.218939 0.297777
0.232544 0.284198
0.247751 0.271513
0.264592 0.259883
0.283061 0.249451
0.303112 0.240340
0.324646 0.232654
0.347513 0.226479
0.371504 0.221887
0.396358 0.218932
0.421766 0.217657
0.447384 0.218089
0.472849 0.220239
0.497796 0.224106
0.521878 0.229666
0.544778 0.236876
0.566226 0.245669
0.586003 0.255951
0.603945 0.267595
0.619944 0.280448
0.633946 0.294323
0.645939 0.309007
0.655958 0.324261
0.664069 0.339832
0.670369 0.355460
0.674981 0.370883
0.678046 0.385855
0.679722 0.400149
0.680178 0.413567
0.679591 0.425944
0.678140 0.437152
0.676003 0.447100
0.673355 0.455729
0.670357 0.463014
0.667161 0.468957
0.663900 0.473579
0.660688 0.476919
0.657617 0.479028
0.654759 0.479961
0.652161 0.479777
0.649848 0.478535
0.647824 0.476290
0.646071 0.473094
0.644555 0.468993
0.643221 0.464031
0.642002 0.458248
0.640816 0.451682
0.639571 0.444373
0.638164 0.436363
0.636486 0.427699
0.634423 0.418439
0.631859 0.408647
0.628675 0.398402
0.624758 0.387793
0.619998 0.376922
0.614292 0.365903
0.607550 0.354860
0.599694 0.343924
0.590663 0.333232
0.580417 0.322919
0.568939 0.313121
0.556236 0.303965
0.542344 0.295571
0.527325 0.288044
0.511272 0.281480
0.494305 0.275957
0.476566 0.271538
0.458223 0.268271
0.439454 0.266189
0.420450 0.265310
0.401402 0.265640
0.382499 0.267171
0.363918 0.269884
0.330556 0.280585
0.314404 0.286335
0.298970 0.293053
0.284322 0.300691
0.270509 0.309190
0.257561 0.318485
0.245494 0.328503
0.234309 0.339164
0.223996 0.350381
0.214533 0.362058
0.205893 0.374096
0.198039 0.386387
0.190932 0.398820
0.184528 0.411281
0.178780 0.423654
0.173640 0.435821
0.169060 0.447669
0.164992 0.459084
0.161387 0.469958
0.158199 0.480188
0.155384 0.489678
0.152901 0.498337
0.150710 0.506084
0.148779 0.512841
0.147075 0.518543
0.145573 0.523128
0.144254 0.526542
0.143101 0.528738
0.142108 0.529675
0.141271 0.529321
0.140596 0.527647
0.140094 0.524636
0.139784 0.520277
0.139692 0.514569
0.139851 0.507523
0.140303 0.499164
0.141093 0.489532
0.142277 0.478684
0.143915 0.466695
0.146074 0.453661
0.148827 0.439699
0.152253 0.424946
0.156434 0.409557
0.161458 0.393704
0.167416 0.377571
0.174400 0.361350
0.182501 0.345237
0.191811 0.329424
0.202414 0.314098
0.214388 0.299432
0.227797 0.285588
0.242688 0.272710
0.259083 0.260925
0.276978 0.250342
0.296331 0.241053
0.317059 0.233137
0.339036 0.226656
0.362088 0.221662
0.385997 0.218196
0.410502 0.216289
0.435314 0.215961
0.460120 0.217224
0.484602 0.220079
0.508447 0.224514
0.531364 0.230504
0.553094 0.238006
0.573418 0.246958
0.592158 0.257277
0.609185 0.268856
0.624414 0.281560
0.637799 0.295232
0.649334 0.309690
0.659043 0.324732
0.666981 0.340139
0.673223 0.355685
0.677869 0.371141
0.681033 0.386285
0.682843 0.400909
0.683439 0.414825
0.682970 0.427872
0.681589 0.439918
0.679454 0.450861
0.676718 0.460630
0.673535 0.469183
0.670049 0.476503
0.666396 0.482597
0.662698 0.487489
0.659062 0.491217
0.655581 0.493828
0.652327 0.495377
0.649357 0.495920
0.646707 0.495514
0.644397 0.494211
0.642431 0.492063
0.640794 0.489115
0.639458 0.485404
0.638382 0.480967
0.637512 0.475832
0.636784 0.470026
0.636125 0.463574
0.635452 0.456500
0.634678 0.448831
0.633709 0.440596
0.632448 0.431833
0.630796 0.422585
0.628652 0.412904
0.625917 0.402855
0.622494 0.392509
0.618290 0.381952
0.613221 0.371277
0.607208 0.360588
0.600187 0.349993
0.592103 0.339605
0.582920 0.329540
0.572616 0.319912
0.561192 0.310831
0.548668 0.302402
0.535085 0.294719
0.520510 0.287870
0.505030 0.281928
0.488753 0.276956
0.471808 0.273006
0.454338 0.270115
0.436497 0.268312
0.418447 0.267613
0.400352 0.268025
0.382370 0.269544
0.364654 0.272158
0.347341 0.275848
0.315352 0.288661
0.300557 0.295126
0.286451 0.302471
0.273080 0.310652
0.260476 0.319621
0.248657 0.329325
0.237631 0.339705
0.227395 0.350694
0.217936 0.362221
0.209237 0.374210
0.201270 0.386578
0.194007 0.399239
0.187413 0.412100
0.181453 0.425068
0.176086 0.438048
0.171273 0.450942
0.166973 0.463654
0.163145 0.476090
0.159746 0.488156
0.156735 0.499766
0.154073 0.510835
0.151721 0.521284
0.149640 0.531041
0.147796 0.540040
0.146154 0.548217
0.144684 0.555519
0.143359 0.561895
0.142152 0.567300
0.141045 0.571692
0.140019 0.575036
0.139063 0.577296
0.138169 0.578444
0.137334 0.578452
0.136560 0.577295
0.135855 0.574954
0.135232 0.571411
0.134710 0.566653
0.134312 0.560675
0.134067 0.553477
0.134011 0.545068
0.134184 0.535468
0.134629 0.524710
0.135397 0.512840
0.136542 0.499921
0.138124 0.486033
0.140205 0.471275
0.142852 0.455763
0.146137 0.439630
0.150133 0.423026
0.154917 0.406111
0.160569 0.389055
0.167166 0.372032
0.174791 0.355218
0.183519 0.338782
0.193426 0.322886
0.204580 0.307681
0.217038 0.293303
0.230846 0.279874
0.246033 0.267498
0.262603 0.256265
0.280537 0.246252
0.299783 0.237520
0.320253 0.230119
0.341823 0.224092
0.364329 0.219470
0.387574 0.216278
0.411325 0.214534
0.435326 0.214252
0.459306 0.215437
0.482987 0.218087
0.506098 0.222193
0.528387 0.227735
0.549622 0.234681
0.569609 0.242985
0.588184 0.252583
0.605223 0.263395
0.620638 0.275319
0.634376 0.288232
0.646414 0.301991
0.656757 0.316434
0.665434 0.331380
0.672497 0.346640
0.678013 0.362015
0.682068 0.377305
0.684757 0.392315
0.686189 0.406863
0.686482 0.420783
0.685763 0.433928
0.684160 0.446176
0.681811 0.457433
0.678849 0.467628
0.675410 0.476715
0.671625 0.484672
0.667619 0.491498
0.663511 0.497208
0.659406 0.501832
0.655401 0.505411
0.651577 0.507991
0.648002 0.509626
0.644729 0.510370
0.641798 0.510277
0.639231 0.509398
0.637041 0.507782
0.635224 0.505472
0.633765 0.502505
0.632639 0.498914
0.631809 0.494726
0.631231 0.489962
0.630850 0.484643
0.630608 0.478781
0.630437 0.472393
0.630265 0.465490
0.630016 0.458089
0.629610 0.450208
0.628964 0.441870
0.627993 0.433103
0.626613 0.423945
0.624739 0.414439
0.622287 0.404639
0.619177 0.394607
0.615334 0.384415
0.610686 0.374142
0.605170 0.363874
0.598733 0.353703
0.591330 0.343724
0.582929 0.334034
0.573513 0.324730
0.563078 0.315906
0.551637 0.307651
0.539222 0.300049
0.525881 0.293176
0.511681 0.287098
0.496706 0.281876
0.481056 0.277558
0.464846 0.274183
0.448200 0.271782
0.431253 0.270377
0.414142 0.269982
0.397005 0.270601
0.379977 0.272235
0.363186 0.274875
0.346751 0.278507
0.330776 0.283110
0.300345 0.298091
0.286828 0.305262
0.273972 0.313233
0.261807 0.321968
0.250353 0.331425
0.239618 0.341557
0.229604 0.352315
0.220304 0.363642
0.211704 0.375478
0.203788 0.387757
0.196531 0.400411
0.189909 0.413365
0.183891 0.426544
0.178446 0.439868
0.173543 0.453256
0.169146 0.466626
0.165222 0.479895
0.161734 0.492985
0.158648 0.505814
0.155928 0.518309
0.153538 0.530396
0.151445 0.542007
0.149613 0.553079
0.148009 0.563555
0.146602 0.573380
0.145360 0.582507
0.144253 0.590891
0.143255 0.598496
0.142339 0.605284
0.141483 0.611225
0.140666 0.616291
0.139871 0.620454
0.139083 0.623691
0.138292 0.625979
0.137490 0.627295
0.136674 0.627619
0.135845 0.626930
0.135007 0.625208
0.134171 0.622434
0.133349 0.618590
0.132560 0.613662
0.131825 0.607635
0.131170 0.600501
0.130626 0.592256
0.130226 0.582904
0.130010 0.572456
0.130018 0.560934
0.130295 0.548374
0.130891 0.534824
0.131857 0.520348
0.133248 0.505027
0.135121 0.488957
0.137538 0.472253
0.140561 0.455043
0.144255 0.437469
0.148689 0.419682
0.153930 0.401842
0.160048 0.384109
0.167113 0.366642
0.175193 0.349595
0.184353 0.333114
0.194654 0.317333
0.206150 0.302371
0.218886 0.288334
0.232893 0.275313
0.248186 0.263386
0.264761 0.252615
0.282588 0.243052
0.301611 0.234739
0.321743 0.227709
0.342866 0.221988
0.364829 0.217595
0.387452 0.214546
0.410527 0.212851
0.433827 0.212518
0.457111 0.213548
0.480136 0.215939
0.502661 0.219685
0.524459 0.224769
0.545325 0.231167
0.565078 0.238846
0.583566 0.247757
0.600668 0.257839
0.616296 0.269015
0.630388 0.281188
0.642910 0.294246
0.653853 0.308058
0.663229 0.322477
0.671069 0.337342
0.677418 0.352482
0.682337 0.367721
0.685899 0.382882
0.688187 0.397789
0.689295 0.412280
0.689322 0.426202
0.688377 0.439423
0.686572 0.451830
0.684024 0.463330
0.680854 0.473854
0.677181 0.483356
0.673124 0.491807
0.668798 0.499201
0.664316 0.505545
0.659780 0.510861
0.655286 0.515182
0.650919 0.518551
0.646753 0.521015
0.642852 0.522626
0.639265 0.523435
0.636032 0.523496
0.633178 0.522858
0.630718 0.521569
0.628656 0.519672
0.626986 0.517203
0.625691 0.514195
0.624747 0.510676
0.624122 0.506668
0.623778 0.502186
0.623667 0.497245
0.623741 0.491854
0.623942 0.486020
0.624210 0.479749
0.624483 0.473047
0.624694 0.465922
0.624772 0.458384
0.624646 0.450446
0.624245 0.442127
0.623494 0.433452
0.622321 0.424452
0.620653 0.415166
0.618420 0.405641
0.615554 0.395931
0.611992 0.386098
0.607675 0.376210
0.602551 0.366343
0.596574 0.356574
0.589707 0.346986
0.581924 0.337662
0.573210 0.328686
0.563559 0.320139
0.552983 0.312100
0.541505 0.304641
0.529163 0.297831
0.516011 0.291731
0.502115 0.286395
0.487557 0.281869
0.472430 0.278192
0.456839 0.275396
0.440894 0.273504
0.424713 0.272534
0.408416 0.272496
0.392122 0.273396
0.375946 0.275232
0.359999 0.277999
0.344380 0.281686
0.329181 0.286277
0.314480 0.291754
0.285675 0.308991
0.273450 0.316804
0.261848 0.325339
0.250890 0.334563
0.240584 0.344439
0.230932 0.354927
0.221932 0.365982
0.213575 0.377557
0.205846 0.389599
0.198729 0.402052
0.192204 0.414858
0.186247 0.427954
0.180835 0.441275
0.175940 0.454754
0.171535 0.468322
0.167593 0.481910
0.164083 0.495448
0.160978 0.508868
0.158247 0.522103
0.155861 0.535089
0.153789 0.547762
0.152002 0.560066
0.150470 0.571945
0.149165 0.583350
0.148057 0.594234
0.147117 0.604558
0.146319 0.614283
0.145634 0.623378
0.145038 0.631812
0.144506 0.639561
0.144013 0.646602
0.143540 0.652915
0.143065 0.658483
0.142572 0.663288
0.142044 0.667315
0.141469 0.670550
0.140837 0.672977
0.140140 0.674582
0.139375 0.675349
0.138540 0.675262
0.137637 0.674305
0.136672 0.672459
0.135655 0.669706
0.134597 0.666027
0.133515 0.661404
0.132428 0.655818
0.131359 0.649253
0.130333 0.641694
0.129379 0.633130
0.128528 0.623555
0.127814 0.612971
0.127276 0.601384
0.126951 0.588815
0.126882 0.575292
0.127114 0.560858
0.127691 0.545572
0.128664 0.529504
0.130081 0.512744
0.131996 0.495394
0.134463 0.477572
0.137538 0.459407
0.141278 0.441038
0.145742 0.422610
0.150989 0.404271
0.157080 0.386169
0.164074 0.368447
0.172029 0.351239
0.181000 0.334672
0.191040 0.318856
0.202194 0.303892
0.214499 0.289865
0.227981 0.276849
0.242655 0.264901
0.258516 0.254072
0.275541 0.244398
0.293685 0.235910
0.312878 0.228630
0.333022 0.222577
0.353995 0.217762
0.375647 0.214195
0.397803 0.211884
0.420273 0.210831
0.442850 0.211040
0.465318 0.212510
0.487466 0.215236
0.509084 0.219209
0.529979 0.224416
0.549974 0.230835
0.568917 0.238437
0.586678 0.247183
0.603154 0.257019
0.618267 0.267882
0.631964 0.279691
0.644213 0.292351
0.655001 0.305753
0.664336 0.319772
0.672237 0.334271
0.678740 0.349103
0.683892 0.364112
0.687748 0.379142
0.690376 0.394034
0.691849 0.408636
0.692249 0.422805
0.691664 0.436411
0.690188 0.449337
0.687919 0.461486
0.684960 0.472780
0.681415 0.483156
0.677392 0.492576
0.672995 0.501013
0.668329 0.508461
0.663493 0.514927
0.658585 0.520431
0.653693 0.525000
0.648899 0.528674
0.644276 0.531495
0.639889 0.533511
0.635789 0.534772
0.632022 0.535329
0.628620 0.535231
0.625608 0.534526
0.622998 0.533257
0.620796 0.531467
0.618998 0.529189
0.617593 0.526457
0.616562 0.523295
0.615880 0.519726
0.615518 0.515766
0.615439 0.511426
0.615603 0.506715
0.615967 0.501639
0.616482 0.496199
0.617098 0.490398
0.617761 0.484234
0.618415 0.477710
0.619002 0.470827
0.619461 0.463589
0.619732 0.456005
0.619752 0.448087
0.619458 0.439852
0.618788 0.431323
0.617680 0.422528
0.616074 0.413504
0.613910 0.404293
0.611133 0.394943
0.607691 0.385509
0.603535 0.376052
0.598624 0.366637
0.592920 0.357331
0.586395 0.348206
0.579028 0.339334
0.570807 0.330787
0.561731 0.322634
0.551808 0.314943
0.541059 0.307779
0.529516 0.301199
0.517224 0.295260
0.504239 0.290008
0.490628 0.285485
0.476469 0.281729
0.461849 0.278768
0.446862 0.276627
0.431607 0.275324
0.416188 0.274872
0.400708 0.275279
0.385269 0.276547
0.369968 0.278676
0.354899 0.281661
0.340146 0.285493
0.325786 0.290160
0.311885 0.295645
0.298499 0.301930
0.271489 0.321472
0.260485 0.329908
0.250069 0.338995
0.240252 0.348701
0.231035 0.358994
0.222417 0.369836
0.214390 0.381189
0.206944 0.393007
0.200065 0.405246
0.193738 0.417856
0.187943 0.430786
0.182660 0.443980
0.177869 0.457381
0.173547 0.470933
0.169670 0.484576
0.166216 0.498249
0.163159 0.511894
0.160475 0.525451
0.158140 0.538863
0.156128 0.552075
0.154415 0.565032
0.152976 0.577686
0.151785 0.589990
0.150817 0.601900
0.150048 0.613378
0.149451 0.624387
0.149003 0.634898
0.148679 0.644881
0.148455 0.654314
0.148306 0.663175
0.148211 0.671447
0.148146 0.679115
0.148090 0.686166
0.148024 0.692589
0.147927 0.698374
0.147784 0.703514
0.147576 0.707999
0.147292 0.711821
0.146918 0.714974
0.146446 0.717448
0.145867 0.719233
0.145176 0.720320
0.144373 0.720696
0.143456 0.720349
0.142430 0.719263
0.141301 0.717423
0.140077 0.714811
0.138771 0.711407
0.137396 0.707192
0.135971 0.702145
0.134514 0.696244
0.133050 0.689469
0.131601 0.681801
0.130196 0.673222
0.128864 0.663717
0.127635 0.653278
0.126543 0.641901
0.125623 0.629590
0.124911 0.616358
0.124445 0.602229
0.124264 0.587239
0.124410 0.571437
0.124926 0.554887
0.125854 0.537669
0.127241 0.519873
0.129132 0.501608
0.131577 0.482991
0.134623 0.464150
0.138323 0.445221
0.142726 0.426341
0.147885 0.407649
0.153851 0.389282
0.160676 0.371367
0.168410 0.354025
0.177101 0.337366
0.186794 0.321486
0.197528 0.306470
0.209336 0.292389
0.222241 0.279301
0.236256 0.267255
0.251381 0.256287
0.267599 0.246426
0.284874 0.237695
0.303150 0.230107
0.322350 0.223675
0.342372 0.218407
0.363093 0.214306
0.384370 0.211378
0.406037 0.209624
0.427919 0.209045
0.449829 0.209639
0.471574 0.211406
0.492965 0.214339
0.513821 0.218431
0.533971 0.223670
0.553263 0.230038
0.571563 0.237509
0.588758 0.246051
0.604757 0.255619
0.619490 0.266160
0.632909 0.277607
0.644982 0.289880
0.655695 0.302886
0.665049 0.316518
0.673058 0.330659
0.679748 0.345181
0.685154 0.359948
0.689321 0.374818
0.692300 0.389648
0.694153 0.404298
0.694944 0.418632
0.694746 0.432522
0.693638 0.445855
0.691701 0.458527
0.689023 0.470454
0.685695 0.481564
0.681809 0.491804
0.677461 0.501138
0.672747 0.509544
0.667759 0.517014
0.662592 0.523555
0.657333 0.529182
0.652067 0.533922
0.646871 0.537809
0.641817 0.540882
0.636969 0.543186
0.632381 0.544768
0.628101 0.545675
0.624167 0.545957
0.620607 0.545660
0.617442 0.544829
0.614685 0.543507
0.612341 0.541733
0.610407 0.539541
0.608875 0.536962
0.607731 0.534022
0.606953 0.530741
0.606519 0.527137
0.606399 0.523222
0.606559 0.519005
0.606966 0.514490
0.607579 0.509680
0.608357 0.504573
0.609256 0.499167
0.610231 0.493460
0.611233 0.487449
0.612213 0.481129
0.613120 0.474501
0.613901 0.467564
0.614503 0.460323
0.614873 0.452784
0.614956 0.444961
0.614698 0.436869
0.614045 0.428531
0.612945 0.419974
0.611346 0.411232
0.609199 0.402343
0.606457 0.393352
0.603077 0.384309
0.599019 0.375267
0.594249 0.366284
0.588738 0.357421
0.582462 0.348740
0.575405 0.340303
0.567560 0.332174
0.558926 0.324413
0.549512 0.317080
0.539338 0.310232
0.528431 0.303920
0.516831 0.298192
0.504586 0.293092
0.491753 0.288659
0.478400 0.284924
0.464600 0.281916
0.450436 0.279659
0.435993 0.278170
0.421361 0.277464
0.406630 0.277549
0.391890 0.278431
0.377229 0.280112
0.362732 0.282590
0.348477 0.285860
0.334536 0.289914
0.320973 0.294741
0.307843 0.300329
0.295195 0.306659
0.283066 0.313714
0.257927 0.335637
0.248087 0.344669
0.238800 0.354284
0.230068 0.364454
0.221890 0.375146
0.214258 0.386326
0.207165 0.397958
0.200598 0.410000
0.194545 0.422411
0.188990 0.435148
0.183916 0.448161
0.179305 0.461404
0.175139 0.474827
0.171398 0.488377
0.168062 0.502004
0.165113 0.515655
0.162528 0.529278
0.160288 0.542823
0.158373 0.556241
0.156760 0.569482
0.155430 0.582502
0.154361 0.595259
0.153532 0.607711
0.152922 0.619822
0.152510 0.631559
0.152274 0.642892
0.152192 0.653795
0.152244 0.664243
0.152406 0.674217
0.152659 0.683701
0.152980 0.692680
0.153349 0.701143
0.153744 0.709081
0.154146 0.716485
0.154534 0.723352
0.154889 0.729676
0.155194 0.735454
0.155430 0.740683
0.155583 0.745361
0.155637 0.749485
0.155580 0.753051
0.155400 0.756058
0.155087 0.758500
0.154635 0.760372
0.154038 0.761668
0.153292 0.762379
0.152398 0.762497
0.151356 0.762010
0.150171 0.760904
0.148849 0.759165
0.147398 0.756778
0.145831 0.753722
0.144161 0.749978
0.142403 0.745526
0.140577 0.740341
0.138701 0.734402
0.136799 0.727683
0.134893 0.720163
0.133011 0.711817
0.131178 0.702626
0.129423 0.692573
0.127776 0.681643
0.126269 0.669829
0.124932 0.657130
0.123801 0.643554
0.122908 0.629117
0.122289 0.613848
0.121980 0.597788
0.122019 0.580992
0.122443 0.563528
0.123291 0.545478
0.124604 0.526939
0.126423 0.508018
0.128790 0.488833
0.131748 0.469509
0.135341 0.450177
0.139614 0.430969
0.144612 0.412015
0.150380 0.393440
0.156964 0.375364
0.164406 0.357894
0.172749 0.341128
0.182033 0.325151
0.192291 0.310036
0.203555 0.295845
0.215845 0.282625
0.229175 0.270416
0.243547 0.259248
0.258951 0.249142
0.275360 0.240114
0.292731 0.232175
0.311002 0.225330
0.330093 0.219584
0.349902 0.214938
0.370309 0.211394
0.391178 0.208951
0.412356 0.207608
0.433680 0.207365
0.454980 0.208219
0.476085 0.210168
0.496826 0.213208
0.517039 0.217331
0.536576 0.222527
0.555299 0.228781
0.573091 0.236072
0.589849 0.244374
0.605492 0.253650
0.619956 0.263854
0.633193 0.274931
0.645174 0.286814
0.655882 0.299424
0.665313 0.312670
0.673477 0.326451
0.680389 0.340654
0.686078 0.355159
0.690579 0.369841
0.693931 0.384569
0.696184 0.399213
0.697391 0.413645
0.697611 0.427744
0.696909 0.441394
0.695354 0.454493
0.693020 0.466949
0.689984 0.478685
0.686328 0.489638
0.682136 0.499759
0.677493 0.509016
0.672486 0.517387
0.667202 0.524866
0.661726 0.531456
0.656140 0.537171
0.650524 0.542036
0.644953 0.546081
0.639496 0.549340
0.634217 0.551857
0.629169 0.553673
0.624404 0.554835
0.619960 0.555390
0.615872 0.555383
0.612166 0.554861
0.608858 0.553866
0.605961 0.552438
0.603479 0.550615
0.601410 0.548432
0.599748 0.545916
0.598479 0.543095
0.597588 0.539990
0.597054 0.536618
0.596852 0.532992
0.596956 0.529121
0.597335 0.525010
0.597956 0.520664
0.598786 0.516080
0.599787 0.511257
0.600921 0.506190
0.602148 0.500874
0.603427 0.495303
0.604716 0.489470
0.605969 0.483371
0.607143 0.477002
0.608191 0.470362
0.609067 0.463450
0.609724 0.456273
0.610114 0.448836
0.610190 0.441154
0.609906 0.433242
0.609213 0.425123
0.608069 0.416823
0.606427 0.408373
0.604248 0.399811
0.601491 0.391177
0.598120 0.382518
0.594104 0.373880
0.589412 0.365317
0.584022 0.356883
0.577917 0.348632
0.571083 0.340621
0.563515 0.332905
0.555217 0.325539
0.546197 0.318574
0.536473 0.312061
0.526072 0.306046
0.515028 0.300572
0.503384 0.295678
0.491193 0.291400
0.478511 0.287766
0.465406 0.284803
0.451947 0.282534
0.438211 0.280975
0.424277 0.280140
0.410225 0.280040
0.396135 0.280682
0.382086 0.282067
0.368156 0.284197
0.354415 0.287070
0.340930 0.290679
0.327763 0.295017
0.314966 0.300075
0.302587 0.305839
0.290664 0.312296
0.279231 0.319428
0.268313 0.327215
0.505372 0.250045
