0.251782 0.465533
0.244772 0.474572
0.243564 0.470997
0.249335 0.457280
0.258386 0.444521
0.263330 0.442195
0.260063 0.451334
0.250679 0.473924
0.242065 0.487351
0.236295 0.493594
0.234346 0.490233
0.236946 0.477834
0.244216 0.460180
0.254833 0.442886
0.265709 0.430948
0.273052 0.426966
0.274316 0.431103
0.269459 0.442017
0.260613 0.457405
0.249586 0.482747
0.241172 0.497348
0.234402 0.508172
0.229545 0.513455
0.226850 0.512070
0.226673 0.503849
0.229440 0.489771
0.235434 0.471918
0.244477 0.453093
0.255665 0.436151
0.267362 0.423313
0.277528 0.415783
0.284300 0.413786
0.286541 0.416921
0.284117 0.424539
0.277814 0.435934
0.268991 0.450273
0.259153 0.466407
0.248538 0.492007
0.240816 0.506597
0.234215 0.519112
0.228772 0.528518
0.224492 0.533928
0.221417 0.534696
0.219683 0.530508
0.219531 0.521464
0.221276 0.508134
0.225218 0.491559
0.231533 0.473169
0.240144 0.454598
0.250638 0.437436
0.262232 0.422985
0.273854 0.412097
0.284298 0.405138
0.292451 0.402063
0.297489 0.402563
0.299009 0.406239
0.297056 0.412717
0.292069 0.421703
0.284757 0.432942
0.275970 0.446136
0.266551 0.460843
0.257227 0.476418
0.247569 0.501705
0.240659 0.515834
0.234590 0.528763
0.229334 0.539886
0.224834 0.548637
0.221034 0.554518
0.217908 0.557126
0.215487 0.556182
0.213867 0.551559
0.213213 0.543309
0.213742 0.531697
0.215697 0.517212
0.219300 0.500562
0.224709 0.482633
0.231962 0.464416
0.240935 0.446902
0.251319 0.430981
0.262616 0.417353
0.274174 0.406476
0.285248 0.398559
0.295094 0.393586
0.303050 0.391376
0.308622 0.391656
0.311524 0.394128
0.311694 0.398531
0.309275 0.404671
0.304581 0.412428
0.298048 0.421729
0.290184 0.432509
0.281515 0.444665
0.272538 0.458010
0.263683 0.472253
0.255285 0.486986
0.246717 0.511842
0.240474 0.525664
0.234929 0.538713
0.230035 0.550593
0.225725 0.560926
0.221923 0.569357
0.218562 0.575570
0.215595 0.579294
0.213011 0.580311
0.210841 0.578470
0.209164 0.573696
0.208103 0.566009
0.207820 0.555538
0.208503 0.542537
0.210348 0.527393
0.213533 0.510618
0.218200 0.492829
0.224422 0.474708
0.232184 0.456955
0.241363 0.440227
0.251722 0.425089
0.262907 0.411976
0.274467 0.401174
0.285886 0.392814
0.296623 0.386888
0.306165 0.383275
0.314068 0.381776
0.319995 0.382150
0.323734 0.384157
0.325206 0.387584
0.324457 0.392269
0.321641 0.398111
0.316999 0.405062
0.310836 0.413118
0.303499 0.422290
0.295348 0.432581
0.286743 0.443961
0.278013 0.456344
0.269447 0.469578
0.261276 0.483440
0.253665 0.497641
0.246018 0.522412
0.240476 0.535737
0.235520 0.548553
0.231104 0.560597
0.227164 0.571616
0.223632 0.581370
0.220437 0.589632
0.217513 0.596199
0.214812 0.600887
0.212303 0.603536
0.209980 0.604013
0.207867 0.602219
0.206020 0.598090
0.204523 0.591612
0.203491 0.582825
0.203057 0.571836
0.203373 0.558826
0.204592 0.544060
0.206863 0.527878
0.210312 0.510693
0.215035 0.492974
0.221084 0.475214
0.228452 0.457910
0.237066 0.441523
0.246781 0.426457
0.257377 0.413035
0.268569 0.401490
0.280013 0.391953
0.291329 0.384467
0.302127 0.378990
0.312027 0.375411
0.320693 0.373571
0.327846 0.373278
0.333282 0.374335
0.336877 0.376553
0.338589 0.379771
0.338448 0.383865
0.336551 0.388753
0.333048 0.394400
0.328129 0.400805
0.322019 0.407995
0.314960 0.416012
0.307205 0.424894
0.299006 0.434666
0.290605 0.445321
0.282222 0.456818
0.274050 0.469070
0.266245 0.481946
0.258925 0.495271
0.252170 0.508839
0.245513 0.533408
0.240580 0.546360
0.236160 0.558949
0.232208 0.570990
0.228670 0.582303
0.225484 0.592716
0.222586 0.602066
0.219913 0.610202
0.217406 0.616983
0.215017 0.622281
0.212710 0.625979
0.210463 0.627971
0.208276 0.628168
0.206167 0.626493
0.204177 0.622894
0.202370 0.617339
0.200827 0.609829
0.199650 0.600400
0.198954 0.589133
0.198862 0.576161
0.199502 0.561669
0.200998 0.545900
0.203464 0.529148
0.206996 0.511753
0.211665 0.494082
0.217510 0.476520
0.224533 0.459442
0.232688 0.443203
0.241882 0.428112
0.251970 0.414425
0.262759 0.402336
0.274009 0.391973
0.285446 0.383396
0.296774 0.376606
0.307686 0.371548
0.317886 0.368123
0.327103 0.366195
0.335104 0.365608
0.341704 0.366194
0.346773 0.367788
0.350235 0.370236
0.352069 0.373409
0.352301 0.377205
0.351000 0.381555
0.348270 0.386427
0.344244 0.391815
0.339076 0.397744
0.332938 0.404255
0.326012 0.411400
0.318487 0.419232
0.310550 0.427794
0.302385 0.437115
0.294166 0.447199
0.286050 0.458022
0.278176 0.469529
0.270658 0.481636
0.263583 0.494227
0.257015 0.507162
0.250988 0.520281
0.245241 0.544817
0.240980 0.557104
0.237154 0.569134
0.233725 0.580781
0.230650 0.591921
0.227880 0.602438
0.225364 0.612219
0.223048 0.621161
0.220881 0.629164
0.218814 0.636137
0.216805 0.641993
0.214816 0.646652
0.212820 0.650038
0.210800 0.652081
0.208751 0.652717
0.206681 0.651889
0.204614 0.649547
0.202586 0.645653
0.200650 0.640180
0.198870 0.633121
0.197323 0.624486
0.196095 0.614314
0.195280 0.602672
0.194976 0.589660
0.195282 0.575417
0.196293 0.560116
0.198100 0.543970
0.200783 0.527219
0.204406 0.510130
0.209019 0.492982
0.214646 0.476062
0.221288 0.459644
0.228918 0.443985
0.237474 0.429313
0.246864 0.415821
0.256961 0.403660
0.267607 0.392937
0.278615 0.383717
0.289778 0.376023
0.300873 0.369840
0.311670 0.365117
0.321945 0.361776
0.331487 0.359713
0.340109 0.358808
0.347650 0.358930
0.353987 0.359946
0.359029 0.361723
0.362725 0.364141
0.365054 0.367093
0.366032 0.370492
0.365697 0.374274
0.364115 0.378399
0.361367 0.382849
0.357554 0.387630
0.352785 0.392765
0.347182 0.398292
0.340872 0.404260
0.333987 0.410720
0.326662 0.417724
0.319030 0.425317
0.311224 0.433534
0.303369 0.442392
0.295581 0.451894
0.287967 0.462021
0.280618 0.472735
0.273612 0.483974
0.267008 0.495662
0.260851 0.507704
0.255165 0.519990
0.249963 0.532403
0.245243 0.556623
0.241519 0.568534
0.238183 0.580242
0.235202 0.591650
0.232539 0.602668
0.230153 0.613208
0.227998 0.623187
0.226031 0.632529
0.224206 0.641159
0.222478 0.649010
0.220806 0.656016
0.219150 0.662117
0.217475 0.667254
0.215753 0.671371
0.213962 0.674416
0.212088 0.676338
0.210125 0.677087
0.208079 0.676619
0.205966 0.674890
0.203811 0.671863
0.201652 0.667506
0.199537 0.661796
0.197521 0.654721
0.195671 0.646281
0.194059 0.636497
0.192764 0.625405
0.191866 0.613070
0.191450 0.599580
0.191597 0.585053
0.192387 0.569634
0.193894 0.553496
0.196186 0.536838
0.199319 0.519873
0.203339 0.502831
0.208275 0.485944
0.214140 0.469440
0.220928 0.453536
0.228610 0.438432
0.237133 0.424298
0.246421 0.411282
0.256371 0.399495
0.266860 0.389019
0.277738 0.379903
0.288840 0.372166
0.299987 0.365797
0.310992 0.360760
0.321667 0.356996
0.331830 0.354427
0.341311 0.352959
0.349959 0.352485
0.357645 0.352892
0.364266 0.354065
0.369746 0.355889
0.374036 0.358256
0.377114 0.361070
0.378981 0.364245
0.379660 0.367715
0.379190 0.371429
0.377628 0.375357
0.375043 0.379487
0.371512 0.383822
0.367121 0.388385
0.361962 0.393207
0.356134 0.398333
0.349737 0.403810
0.342874 0.409691
0.335650 0.416025
0.328170 0.422859
0.320537 0.430231
0.312850 0.438168
0.305204 0.446684
0.297688 0.455780
0.290379 0.465441
0.283348 0.475636
0.276652 0.486320
0.270337 0.497433
0.264437 0.508904
0.258972 0.520650
0.253954 0.532583
0.249381 0.544607
0.245561 0.568804
0.242401 0.580131
0.239578 0.591294
0.237064 0.602224
0.234829 0.612855
0.232839 0.623124
0.231060 0.632972
0.229456 0.642344
0.227989 0.651188
0.226624 0.659454
0.225323 0.667097
0.224052 0.674074
0.222778 0.680343
0.221469 0.685863
0.220098 0.690597
0.218642 0.694507
0.217082 0.697556
0.215405 0.699708
0.213602 0.700927
0.211675 0.701178
0.209630 0.700427
0.207481 0.698640
0.205250 0.695786
0.202968 0.691838
0.200671 0.686769
0.198403 0.680563
0.196215 0.673208
0.194163 0.664701
0.192306 0.655054
0.190709 0.644290
0.189437 0.632451
0.188556 0.619597
0.188134 0.605806
0.188236 0.591181
0.188923 0.575843
0.190253 0.559934
0.192278 0.543610
0.195045 0.527046
0.198590 0.510420
0.202941 0.493918
0.208113 0.477721
0.214110 0.462004
0.220921 0.446929
0.228519 0.432644
0.236860 0.419273
0.245883 0.406922
0.255510 0.395674
0.265643 0.385587
0.276171 0.376699
0.286968 0.369024
0.297893 0.362557
0.308802 0.357275
0.319546 0.353137
0.329974 0.350089
0.339943 0.348060
0.349320 0.346974
0.357983 0.346741
0.365828 0.347271
0.372769 0.348468
0.378740 0.350236
0.383694 0.352484
0.387604 0.355124
0.390460 0.358080
0.392270 0.361283
0.393053 0.364677
0.392844 0.368220
0.391686 0.371884
0.389630 0.375655
0.386735 0.379530
0.383062 0.383521
0.378681 0.387651
0.373660 0.391950
0.368074 0.396458
0.361997 0.401217
0.355508 0.406274
0.348682 0.411675
0.341600 0.417465
0.334340 0.423682
0.326979 0.430362
0.319592 0.437529
0.312251 0.445202
0.305024 0.453387
0.297974 0.462080
0.291156 0.471265
0.284619 0.480915
0.278403 0.490995
0.272541 0.501458
0.267056 0.512249
0.261964 0.523305
0.257272 0.534561
0.252980 0.545945
0.249081 0.557384
0.246239 0.581330
0.243582 0.592165
0.241223 0.602856
0.239138 0.613354
0.237300 0.623608
0.235684 0.633573
0.234261 0.643204
0.233001 0.652461
0.231873 0.661306
0.230848 0.669703
0.229896 0.677620
0.228985 0.685025
0.228087 0.691888
0.227172 0.698180
0.226214 0.703874
0.225189 0.708944
0.224072 0.713361
0.222844 0.717102
0.221488 0.720138
0.219993 0.722444
0.218349 0.723993
0.216554 0.724758
0.214608 0.724712
0.212521 0.723827
0.210304 0.722076
0.207977 0.719432
0.205564 0.715870
0.203095 0.711366
0.200606 0.705898
0.198137 0.699450
0.195732 0.692009
0.193440 0.683570
0.191311 0.674138
0.189399 0.663724
0.187759 0.652356
0.186446 0.640073
0.185515 0.626930
0.185020 0.612996
0.185013 0.598360
0.185545 0.583124
0.186663 0.567407
0.188408 0.551340
0.190819 0.535065
0.193927 0.518731
0.197756 0.502488
0.202325 0.486489
0.207641 0.470879
0.213704 0.455797
0.220501 0.441368
0.228009 0.427705
0.236191 0.414905
0.244997 0.403047
0.254364 0.392195
0.264217 0.382393
0.274466 0.373670
0.285011 0.366040
0.295741 0.359501
0.306540 0.354036
0.317285 0.349617
0.327851 0.346204
0.338117 0.343745
0.347963 0.342181
0.357279 0.341444
0.365967 0.341462
0.373938 0.342156
0.381119 0.343446
0.387451 0.345250
0.392892 0.347489
0.397412 0.350086
0.400999 0.352969
0.403649 0.356074
0.405375 0.359344
0.406196 0.362732
0.406141 0.366201
0.405246 0.369724
0.403554 0.373287
0.401108 0.376884
0.397960 0.380521
0.394160 0.384213
0.389764 0.387981
0.384826 0.391856
0.379404 0.395872
0.373556 0.400069
0.367341 0.404487
0.360819 0.409169
0.354051 0.414155
0.347099 0.419485
0.340022 0.425194
0.332882 0.431312
0.325737 0.437863
0.318645 0.444864
0.311659 0.452325
0.304829 0.460246
0.298202 0.468621
0.291819 0.477434
0.285715 0.486661
0.279920 0.496271
0.274457 0.506224
0.269344 0.516478
0.264592 0.526983
0.260205 0.537685
0.256185 0.548528
0.252524 0.559455
0.249214 0.570409
0.247320 0.594171
0.245124 0.604567
0.243194 0.614832
0.241508 0.624926
0.240046 0.634812
0.238784 0.644454
0.237700 0.653821
0.236767 0.662881
0.235963 0.671606
0.235260 0.679971
0.234633 0.687951
0.234058 0.695522
0.233507 0.702665
0.232957 0.709357
0.232383 0.715579
0.231761 0.721312
0.231067 0.726537
0.230282 0.731235
0.229386 0.735389
0.228360 0.738979
0.227192 0.741985
0.225867 0.744389
0.224379 0.746171
0.222721 0.747309
0.220893 0.747782
0.218897 0.747568
0.216740 0.746644
0.214436 0.744987
0.211999 0.742574
0.209451 0.739381
0.206817 0.735386
0.204126 0.730568
0.201411 0.724905
0.198709 0.718383
0.196060 0.710987
0.193505 0.702709
0.191089 0.693547
0.188856 0.683508
0.186855 0.672605
0.185131 0.660864
0.183732 0.648322
0.182703 0.635027
0.182090 0.621042
0.181936 0.606443
0.182281 0.591319
0.183165 0.575770
0.184622 0.559909
0.186686 0.543854
0.189382 0.527732
0.192735 0.511672
0.196760 0.495802
0.201471 0.480249
0.206870 0.465132
0.212955 0.450564
0.219714 0.436645
0.227126 0.423464
0.235161 0.411100
0.243778 0.399614
0.252925 0.389056
0.262542 0.379463
0.272555 0.370858
0.282884 0.363253
0.293438 0.356647
0.304121 0.351030
0.314830 0.346381
0.325460 0.342670
0.335905 0.339859
0.346062 0.337901
0.355831 0.336744
0.365117 0.336330
0.373837 0.336594
0.381914 0.337471
0.389285 0.338892
0.395898 0.340784
0.401713 0.343080
0.406702 0.345709
0.410849 0.348607
0.414148 0.351712
0.416602 0.354970
0.418226 0.358332
0.419039 0.361757
0.419067 0.365212
0.418342 0.368673
0.416899 0.372125
0.414776 0.375559
0.412013 0.378979
0.408654 0.382392
0.404740 0.385816
0.400317 0.389273
0.395430 0.392791
0.390123 0.396401
0.384444 0.400138
0.378439 0.404041
0.372156 0.408147
0.365643 0.412495
0.358948 0.417120
0.352120 0.422057
0.345208 0.427337
0.338259 0.432987
0.331323 0.439030
0.324444 0.445481
0.317667 0.452350
0.311034 0.459643
0.304584 0.467355
0.298351 0.475477
0.292366 0.483994
0.286657 0.492883
0.281246 0.502117
0.276149 0.511662
0.271380 0.521481
0.266947 0.531532
0.262853 0.541772
0.259098 0.552154
0.255677 0.562632
0.252581 0.573159
0.249801 0.583687
0.248851 0.607287
0.247095 0.617200
0.245575 0.626989
0.244274 0.636625
0.243171 0.646078
0.242250 0.655323
0.241489 0.664336
0.240869 0.673093
0.240370 0.681575
0.239970 0.689762
0.239649 0.697637
0.239386 0.705182
0.239158 0.712384
0.238945 0.719227
0.238726 0.725697
0.238480 0.731781
0.238186 0.737467
0.237825 0.742740
0.237378 0.747589
0.236826 0.752001
0.236152 0.755962
0.235341 0.759460
0.234380 0.762480
0.233257 0.765008
0.231963 0.767030
0.230492 0.768529
0.228839 0.769490
0.227004 0.769896
0.224989 0.769728
0.222802 0.768969
0.220451 0.767597
0.217950 0.765595
0.215315 0.762941
0.212566 0.759614
0.209728 0.755594
0.206826 0.750862
0.203890 0.745398
0.200952 0.739185
0.198045 0.732208
0.195207 0.724456
0.192474 0.715922
0.189886 0.706602
0.187480 0.696502
0.185297 0.685632
0.183377 0.674013
0.181758 0.661673
0.180478 0.648653
0.179576 0.635001
0.179087 0.620779
0.179045 0.606058
0.179483 0.590920
0.180432 0.575456
0.181919 0.559765
0.183968 0.543951
0.186603 0.528123
0.189840 0.512390
0.193695 0.496861
0.198176 0.481643
0.203288 0.466838
0.209030 0.452537
0.215395 0.438829
0.222368 0.425788
0.229928 0.413480
0.238046 0.401962
0.246685 0.391277
0.255800 0.381461
0.265335 0.372537
0.275230 0.364520
0.285415 0.357417
0.295814 0.351224
0.306344 0.345930
0.316920 0.341517
0.327453 0.337960
0.337851 0.335227
0.348027 0.333281
0.357892 0.332080
0.367364 0.331575
0.376368 0.331716
0.384832 0.332445
0.392698 0.333707
0.399912 0.335440
0.406432 0.337584
0.412227 0.340078
0.417274 0.342863
0.421558 0.345881
0.425075 0.349079
0.427827 0.352404
0.429826 0.355814
0.431086 0.359267
0.431628 0.362730
0.431479 0.366177
0.430665 0.369588
0.429219 0.372950
0.427173 0.376257
0.424561 0.379510
0.421418 0.382715
0.417780 0.385886
0.413683 0.389041
0.409162 0.392202
0.404255 0.395395
0.398997 0.398652
0.393425 0.402002
0.387576 0.405480
0.381487 0.409120
0.375197 0.412956
0.368743 0.417020
0.362165 0.421345
0.355501 0.425961
0.348790 0.430892
0.342070 0.436162
0.335381 0.441790
0.328760 0.447789
0.322241 0.454170
0.315860 0.460937
0.309647 0.468088
0.303634 0.475618
0.297845 0.483514
0.292304 0.491762
0.287031 0.500339
0.282043 0.509220
0.277350 0.518377
0.272963 0.527777
0.268887 0.537385
0.265124 0.547164
0.261672 0.557076
0.258527 0.567083
0.255683 0.577146
0.253131 0.587225
0.250857 0.597284
0.250875 0.620635
0.249536 0.630036
0.248405 0.639319
0.247466 0.648461
0.246705 0.657441
0.246105 0.666239
0.245650 0.674837
0.245324 0.683220
0.245111 0.691371
0.244993 0.699278
0.244953 0.706929
0.244974 0.714310
0.245039 0.721413
0.245130 0.728225
0.245230 0.734739
0.245320 0.740945
0.245385 0.746834
0.245405 0.752398
0.245365 0.757628
0.245247 0.762515
0.245036 0.767051
0.244715 0.771227
0.244269 0.775034
0.243686 0.778463
0.242953 0.781504
0.242058 0.784146
0.240992 0.786380
0.239747 0.788193
0.238319 0.789574
0.236703 0.790510
0.234900 0.790987
0.232910 0.790992
0.230738 0.790509
0.228391 0.789523
0.225879 0.788017
0.223216 0.785973
0.220416 0.783375
0.217498 0.780204
0.214483 0.776441
0.211393 0.772068
0.208254 0.767068
0.205093 0.761422
0.201940 0.755116
0.198824 0.748135
0.195777 0.740468
0.192831 0.732106
0.190020 0.723044
0.187377 0.713284
0.184935 0.702831
0.182726 0.691698
0.180785 0.679905
0.179143 0.667479
0.177831 0.654457
0.176879 0.640883
0.176316 0.626812
0.176171 0.612306
0.176469 0.597435
0.177235 0.582277
0.178491 0.566917
0.180259 0.551444
0.182556 0.535949
0.185399 0.520527
0.188799 0.505271
0.192768 0.490271
0.197311 0.475615
0.202431 0.461386
0.208126 0.447659
0.214389 0.434503
0.221207 0.421979
0.228565 0.410140
0.236437 0.399029
0.244793 0.388682
0.253599 0.379128
0.262810 0.370387
0.272376 0.362470
0.282243 0.355383
0.292348 0.349127
0.302624 0.343693
0.313002 0.339069
0.323405 0.335237
0.333759 0.332174
0.343985 0.329852
0.354009 0.328239
0.363755 0.327299
0.373154 0.326992
0.382138 0.327274
0.390648 0.328099
0.398630 0.329418
0.406037 0.331180
0.412830 0.333334
0.418978 0.335828
0.424457 0.338608
0.429253 0.341624
0.433355 0.344827
0.436764 0.348168
0.439482 0.351605
0.441520 0.355098
0.442892 0.358610
0.443616 0.362112
0.443715 0.365577
0.443213 0.368985
0.442135 0.372322
0.440510 0.375579
0.438366 0.378753
0.435732 0.381845
0.432638 0.384862
0.429113 0.387816
0.425186 0.390721
0.420887 0.393599
0.416244 0.396470
0.411287 0.399361
0.406045 0.402298
0.400546 0.405311
0.394819 0.408428
0.388895 0.411682
0.382803 0.415100
0.376572 0.418714
0.370235 0.422550
0.363821 0.426636
0.357362 0.430995
0.350889 0.435650
0.344433 0.440618
0.338025 0.445914
0.331695 0.451551
0.325472 0.457535
0.319383 0.463871
0.313455 0.470557
0.307711 0.477590
0.302175 0.484959
0.296864 0.492652
0.291796 0.500653
0.286986 0.508942
0.282445 0.517494
0.278181 0.526286
0.274200 0.535287
0.270506 0.544469
0.267098 0.553801
0.263976 0.563250
0.261135 0.572784
0.258570 0.582372
0.256271 0.591980
0.254230 0.601580
0.252435 0.611141
0.253441 0.634165
0.252486 0.643094
0.251715 0.651908
0.251115 0.660589
0.250674 0.669121
0.250377 0.677489
0.250212 0.685681
0.250165 0.693685
0.250221 0.701489
0.250368 0.709084
0.250590 0.716462
0.250875 0.723614
0.251207 0.730533
0.251572 0.737211
0.251956 0.743643
0.252343 0.749823
0.252720 0.755743
0.253072 0.761400
0.253383 0.766787
0.253639 0.771898
0.253825 0.776728
0.253928 0.781272
0.253932 0.785522
0.253824 0.789473
0.253592 0.793120
0.253221 0.796454
0.252702 0.799469
0.252023 0.802158
0.251176 0.804512
0.250151 0.806525
0.248942 0.808185
0.247545 0.809485
0.245957 0.810414
0.244176 0.810961
0.242203 0.811116
0.240042 0.810864
0.237699 0.810195
0.235179 0.809094
0.232495 0.807548
0.229657 0.805539
0.226681 0.803055
0.223582 0.800077
0.220380 0.796590
0.217095 0.792577
0.213749 0.788020
0.210367 0.782904
0.206972 0.777212
0.203592 0.770930
0.200253 0.764043
0.196984 0.756540
0.193812 0.748412
0.190767 0.739653
0.187877 0.730259
0.185171 0.720234
0.182676 0.709583
0.180421 0.698319
0.178433 0.686462
0.176739 0.674037
0.175363 0.661077
0.174332 0.647623
0.173669 0.633721
0.173396 0.619428
0.173535 0.604805
0.174106 0.589919
0.175128 0.574844
0.176619 0.559657
0.178594 0.544437
0.181067 0.529266
0.184050 0.514226
0.187553 0.499395
0.191583 0.484852
0.196144 0.470670
0.201237 0.456917
0.206861 0.443655
0.213009 0.430942
0.219672 0.418828
0.226835 0.407355
0.234478 0.396559
0.242579 0.386471
0.251107 0.377112
0.260027 0.368501
0.269299 0.360649
0.278878 0.353560
0.288713 0.347236
0.298748 0.341672
0.308925 0.336859
0.319181 0.332784
0.329451 0.329430
0.339668 0.326777
0.349766 0.324800
0.359678 0.323471
0.369339 0.322759
0.378688 0.322630
0.387666 0.323046
0.396219 0.323969
0.404299 0.325357
0.411864 0.327166
0.418877 0.329352
0.425309 0.331868
0.431135 0.334670
0.436340 0.337711
0.440912 0.340945
0.444847 0.344331
0.448145 0.347826
0.450811 0.351391
0.452855 0.354990
0.454291 0.358591
0.455135 0.362165
0.455407 0.365688
0.455128 0.369141
0.454321 0.372507
0.453011 0.375777
0.451221 0.378943
0.448978 0.382005
0.446307 0.384965
0.443233 0.387829
0.439781 0.390608
0.435975 0.393316
0.431841 0.395970
0.427400 0.398589
0.422679 0.401195
0.417699 0.403812
0.412484 0.406465
0.407057 0.409180
0.401442 0.411984
0.395662 0.414904
0.389741 0.417968
0.383703 0.421200
0.377574 0.424627
0.371378 0.428273
0.365141 0.432159
0.358887 0.436305
0.352644 0.440730
0.346435 0.445448
0.340287 0.450473
0.334225 0.455812
0.328272 0.461472
0.322451 0.467457
0.316784 0.473764
0.311292 0.480391
0.305992 0.487329
0.300902 0.494568
0.296036 0.502094
0.291407 0.509892
0.287024 0.517941
0.282897 0.526220
0.279031 0.534706
0.275430 0.543373
0.272095 0.552197
0.269025 0.561148
0.266220 0.570201
0.263673 0.579328
0.261381 0.588501
0.259335 0.597694
0.257528 0.606881
0.255951 0.616037
0.254592 0.625139
0.256595 0.647823
0.256001 0.656258
0.255568 0.664580
0.255287 0.672776
0.255146 0.680834
0.255134 0.688743
0.255239 0.696495
0.255451 0.704081
0.255758 0.711493
0.256149 0.718724
0.256612 0.725770
0.257136 0.732624
0.257709 0.739281
0.258319 0.745737
0.258955 0.751988
0.259604 0.758030
0.260255 0.763859
0.260895 0.769472
0.261513 0.774865
0.262095 0.780034
0.262628 0.784976
0.263102 0.789688
0.263503 0.794165
0.263818 0.798404
0.264035 0.802401
0.264143 0.806152
0.264130 0.809651
0.263983 0.812895
0.263693 0.815878
0.263250 0.818596
0.262644 0.821041
0.261867 0.823210
0.260912 0.825094
0.259773 0.826687
0.258446 0.827983
0.256926 0.828972
0.255213 0.829647
0.253306 0.829998
0.251208 0.830017
0.248921 0.829692
0.246452 0.829013
0.243807 0.827969
0.240995 0.826547
0.238029 0.824734
0.234920 0.822517
0.231683 0.819882
0.228334 0.816815
0.224891 0.813300
0.221373 0.809322
0.217801 0.804866
0.214195 0.799917
0.210580 0.794460
0.206977 0.788479
0.203411 0.781963
0.199906 0.774898
0.196487 0.767273
0.193178 0.759082
0.190004 0.750318
0.186990 0.740978
0.184159 0.731063
0.181535 0.720580
0.179143 0.709538
0.177003 0.697953
0.175139 0.685845
0.173572 0.673242
0.172321 0.660177
0.171408 0.646689
0.170850 0.632824
0.170666 0.618633
0.170873 0.604173
0.171486 0.589505
0.172521 0.574694
0.173992 0.559809
0.175911 0.544919
0.178289 0.530096
0.181137 0.515409
0.184461 0.500928
0.188270 0.486719
0.192566 0.472845
0.197352 0.459366
0.202627 0.446335
0.208389 0.433803
0.214629 0.421812
0.221339 0.410401
0.228506 0.399602
0.236111 0.389443
0.244133 0.379946
0.252547 0.371127
0.261322 0.362998
0.270424 0.355567
0.279813 0.348837
0.289447 0.342809
0.299279 0.337478
0.309257 0.332836
0.319329 0.328873
0.329439 0.325575
0.339529 0.322925
0.349541 0.320903
0.359417 0.319488
0.369099 0.318654
0.378532 0.318374
0.387662 0.318618
0.396440 0.319354
0.404820 0.320547
0.412760 0.322162
0.420224 0.324160
0.427181 0.326505
0.433604 0.329154
0.439473 0.332069
0.444772 0.335209
0.449491 0.338534
0.453625 0.342006
0.457174 0.345585
0.460140 0.349238
0.462532 0.352929
0.464359 0.356628
0.465636 0.360306
0.466379 0.363938
0.466605 0.367503
0.466333 0.370982
0.465586 0.374363
0.464383 0.377633
0.462747 0.380787
0.460701 0.383822
0.458265 0.386738
0.455463 0.389539
0.452316 0.392232
0.448844 0.394828
0.445069 0.397340
0.441010 0.399783
0.436687 0.402175
0.432120 0.404535
0.427327 0.406883
0.422327 0.409243
0.417139 0.411637
0.411781 0.414089
0.406272 0.416622
0.400630 0.419261
0.394876 0.422030
0.389029 0.424951
0.383107 0.428046
0.377133 0.431338
0.371126 0.434845
0.365107 0.438586
0.359098 0.442576
0.353118 0.446830
0.347191 0.451360
0.341336 0.456175
0.335573 0.461282
0.329923 0.466686
0.324405 0.472387
0.319035 0.478385
0.313833 0.484675
0.308811 0.491251
0.303986 0.498104
0.299369 0.505221
0.294970 0.512588
0.290799 0.520190
0.286863 0.528007
0.283168 0.536020
0.279716 0.544209
0.276511 0.552550
0.273551 0.561020
0.270837 0.569597
0.268365 0.578257
0.266131 0.586975
0.264129 0.595730
0.262354 0.604498
0.260799 0.613258
0.259454 0.621989
0.258312 0.630673
0.257362 0.639290
0.260386 0.661553
0.260126 0.669523
0.260009 0.677381
0.260026 0.685118
0.260167 0.692726
0.260423 0.700196
0.260785 0.707523
0.261242 0.714701
0.261786 0.721724
0.262407 0.728588
0.263096 0.735289
0.263843 0.741825
0.264638 0.748191
0.265473 0.754385
0.266336 0.760405
0.267220 0.766248
0.268113 0.771913
0.269006 0.777397
0.269888 0.782698
0.270749 0.787813
0.271579 0.792742
0.272367 0.797482
0.273103 0.802030
0.273775 0.806384
0.274372 0.810542
0.274884 0.814501
0.275300 0.818258
0.275609 0.821811
0.275801 0.825155
0.275864 0.828288
0.275790 0.831207
0.275569 0.833906
0.275192 0.836383
0.274650 0.838632
0.273937 0.840649
0.273045 0.842429
0.271969 0.843967
0.270705 0.845256
0.269249 0.846291
0.267599 0.847065
0.265754 0.847570
0.263715 0.847800
0.261485 0.847746
0.259067 0.847399
0.256466 0.846750
0.253690 0.845789
0.250746 0.844507
0.247644 0.842891
0.244397 0.840931
0.241017 0.838614
0.237518 0.835928
0.233917 0.832859
0.230229 0.829394
0.226473 0.825519
0.222668 0.821220
0.218833 0.816482
0.214989 0.811292
0.211156 0.805636
0.207356 0.799500
0.203611 0.792873
0.199941 0.785743
0.196370 0.778100
0.192917 0.769936
0.189606 0.761247
0.186456 0.752028
0.183489 0.742281
0.180723 0.732009
0.178181 0.721220
0.175879 0.709927
0.173837 0.698146
0.172072 0.685900
0.170602 0.673216
0.169443 0.660126
0.168611 0.646668
0.168121 0.632886
0.167987 0.618826
0.168224 0.604542
0.168844 0.590088
0.169859 0.575523
0.171281 0.560909
0.173119 0.546306
0.175383 0.531778
0.178082 0.517387
0.181223 0.503193
0.184810 0.489255
0.188849 0.475627
0.193342 0.462363
0.198289 0.449509
0.203688 0.437110
0.209537 0.425204
0.215828 0.413827
0.222552 0.403007
0.229697 0.392770
0.237248 0.383137
0.245185 0.374124
0.253486 0.365744
0.262124 0.358005
0.271070 0.350914
0.280289 0.344472
0.289746 0.338679
0.299398 0.333531
0.309203 0.329021
0.319114 0.325140
0.329083 0.321878
0.339059 0.319221
0.348990 0.317152
0.358826 0.315655
0.368515 0.314708
0.378007 0.314289
0.387252 0.314374
0.396204 0.314937
0.404821 0.315950
0.413062 0.317382
0.420890 0.319202
0.428274 0.321377
0.435185 0.323873
0.441602 0.326654
0.447505 0.329687
0.452880 0.332934
0.457717 0.336360
0.462012 0.339929
0.465762 0.343608
0.468970 0.347363
0.471641 0.351161
0.473785 0.354975
0.475411 0.358775
0.476535 0.362537
0.477170 0.366239
0.477334 0.369860
0.477045 0.373386
0.476321 0.376802
0.475183 0.380098
0.473650 0.383268
0.471742 0.386309
0.469478 0.389218
0.466879 0.391999
0.463963 0.394656
0.460749 0.397197
0.457255 0.399632
0.453499 0.401974
0.449497 0.404236
0.445266 0.406435
0.440821 0.408587
0.436180 0.410712
0.431356 0.412829
0.426365 0.414959
0.421223 0.417123
0.415943 0.419342
0.410542 0.421638
0.405034 0.424033
0.399435 0.426546
0.393762 0.429200
0.388030 0.432013
0.382256 0.435004
0.376458 0.438192
0.370652 0.441592
0.364856 0.445218
0.359088 0.449085
0.353366 0.453204
0.347706 0.457583
0.342128 0.462229
0.336648 0.467149
0.331282 0.472344
0.326046 0.477815
0.320956 0.483561
0.316026 0.489576
0.311269 0.495856
0.306696 0.502390
0.302319 0.509169
0.298146 0.516181
0.294186 0.523410
0.290445 0.530841
0.286927 0.538456
0.283636 0.546238
0.280575 0.554167
0.277743 0.562222
0.275140 0.570384
0.272764 0.578631
0.270612 0.586944
0.268680 0.595301
0.266963 0.603682
0.265456 0.612070
0.264150 0.620445
0.263040 0.628789
0.262116 0.637087
0.261372 0.645323
0.260798 0.653482
0.264863 0.675292
0.264915 0.682817
0.265094 0.690232
0.265391 0.697530
0.265798 0.704705
0.266308 0.711752
0.266912 0.718667
0.267602 0.725445
0.268370 0.732084
0.269208 0.738581
0.270109 0.744934
0.271065 0.751140
0.272067 0.757198
0.273108 0.763107
0.274180 0.768866
0.275275 0.774473
0.276385 0.779927
0.277502 0.785228
0.278616 0.790374
0.279721 0.795365
0.280807 0.800199
0.281864 0.804876
0.282885 0.809393
0.283860 0.813750
0.284779 0.817945
0.285634 0.821977
0.286413 0.825844
0.287109 0.829545
0.287711 0.833076
0.288208 0.836436
0.288593 0.839623
0.288855 0.842634
0.288985 0.845466
0.288974 0.848117
0.288814 0.850583
0.288496 0.852862
0.288013 0.854949
0.287358 0.856841
0.286525 0.858534
0.285508 0.860023
0.284304 0.861305
0.282908 0.862373
0.281319 0.863223
0.279534 0.863849
0.277554 0.864244
0.275380 0.864403
0.273015 0.864319
0.270461 0.863983
0.267725 0.863389
0.264813 0.862528
0.261732 0.861390
0.258492 0.859967
0.255103 0.858249
0.251577 0.856225
0.247926 0.853884
0.244166 0.851215
0.240309 0.848205
0.236374 0.844843
0.232375 0.841115
0.228332 0.837009
0.224261 0.832511
0.220182 0.827608
0.216114 0.822288
0.212076 0.816537
0.208086 0.810343
0.204166 0.803694
0.200333 0.796581
0.196607 0.788993
0.193006 0.780924
0.189551 0.772367
0.186258 0.763320
0.183145 0.753781
0.180229 0.743754
0.177528 0.733243
0.175058 0.722258
0.172833 0.710814
0.170869 0.698928
0.169181 0.686622
0.167782 0.673923
0.166686 0.660863
0.165906 0.647477
0.165454 0.633807
0.165341 0.619896
0.165579 0.605792
0.166178 0.591546
0.167148 0.577211
0.168498 0.562841
0.170238 0.548492
0.172375 0.534221
0.174916 0.520081
0.177868 0.506128
0.181235 0.492413
0.185022 0.478986
0.189232 0.465893
0.193865 0.453177
0.198922 0.440877
0.204401 0.429028
0.210298 0.417663
0.216607 0.406808
0.223318 0.396488
0.230422 0.386721
0.237905 0.377525
0.245749 0.368912
0.253936 0.360892
0.262441 0.353472
0.271239 0.346655
0.280301 0.340443
0.289595 0.334834
0.299084 0.329827
0.308732 0.325415
0.318497 0.321591
0.328336 0.318346
0.338206 0.315668
0.348060 0.313546
0.357853 0.311964
0.367537 0.310906
0.377068 0.310354
0.386401 0.310287
0.395491 0.310684
0.404298 0.311522
0.412784 0.312776
0.420913 0.314419
0.428652 0.316424
0.435973 0.318761
0.442851 0.321400
0.449266 0.324310
0.455200 0.327460
0.460640 0.330816
0.465577 0.334347
0.470006 0.338020
0.473924 0.341805
0.477333 0.345670
0.480237 0.349584
0.482643 0.353521
0.484559 0.357454
0.485999 0.361357
0.486974 0.365208
0.487499 0.368987
0.487591 0.372677
0.487266 0.376262
0.486543 0.379729
0.485438 0.383070
0.483969 0.386277
0.482157 0.389346
0.480017 0.392276
0.477568 0.395067
0.474827 0.397723
0.471812 0.400249
0.468538 0.402654
0.465020 0.404947
0.461275 0.407139
0.457316 0.409244
0.453158 0.411276
0.448814 0.413252
0.444297 0.415187
0.439620 0.417101
0.434795 0.419011
0.429835 0.420936
0.424751 0.422896
0.419558 0.424910
0.414266 0.426998
0.408888 0.429179
0.403438 0.431472
0.397928 0.433894
0.392372 0.436465
0.386784 0.439200
0.381179 0.442116
0.375570 0.445227
0.369973 0.448547
0.364402 0.452087
0.358873 0.455859
0.353401 0.459871
0.348001 0.464131
0.342689 0.468644
0.337477 0.473412
0.332382 0.478439
0.327416 0.483723
0.322593 0.489262
0.317924 0.495052
0.313420 0.501086
0.309093 0.507357
0.304951 0.513856
0.301001 0.520569
0.297252 0.527486
0.293708 0.534590
0.290374 0.541868
0.287253 0.549303
0.284347 0.556876
0.281657 0.564572
0.279182 0.572371
0.276922 0.580254
0.274873 0.588205
0.273032 0.596204
0.271395 0.604233
0.269958 0.612276
0.268714 0.620316
0.267658 0.628337
0.266783 0.636323
0.266082 0.644262
0.265547 0.652139
0.265171 0.659944
0.264945 0.667665
0.252862 0.457568
