0.401295 0.733739
0.443840 0.751346
0.449298 0.753790
0.411767 0.740898
0.366329 0.713952
0.346588 0.695604
0.359983 0.706728
0.410543 0.737147
0.468354 0.756670
0.510456 0.763606
0.520600 0.765184
0.494667 0.763723
0.441530 0.752959
0.382375 0.726489
0.338461 0.689406
0.316836 0.658888
0.313643 0.651106
0.326602 0.669680
0.358909 0.704205
0.421396 0.740816
0.482444 0.758380
0.537759 0.763646
0.576451 0.762351
0.592893 0.761009
0.585234 0.763049
0.553648 0.766667
0.501599 0.765690
0.438587 0.753097
0.378789 0.725415
0.333876 0.685962
0.307323 0.644619
0.295528 0.613117
0.292810 0.599591
0.296012 0.606773
0.306483 0.632572
0.328880 0.670312
0.367447 0.709732
0.433939 0.744573
0.494260 0.759199
0.552566 0.762319
0.601383 0.757390
0.636462 0.749287
0.656517 0.742919
0.661574 0.741763
0.651536 0.746761
0.625811 0.755940
0.584182 0.764943
0.528720 0.768320
0.465485 0.761142
0.403816 0.740516
0.352632 0.706843
0.316741 0.664437
0.296005 0.620620
0.286876 0.583114
0.284597 0.557471
0.285125 0.546343
0.286459 0.550305
0.289146 0.568694
0.296005 0.599531
0.311153 0.638833
0.338516 0.680475
0.380029 0.717538
0.448246 0.748218
0.506445 0.759650
0.563835 0.760673
0.614976 0.753308
0.656488 0.740604
0.687248 0.726193
0.707635 0.713720
0.718549 0.706218
0.720652 0.705557
0.713947 0.712102
0.697687 0.724603
0.670651 0.740357
0.631813 0.755660
0.581443 0.766472
0.522275 0.769117
0.459872 0.760862
0.401304 0.740391
0.352678 0.708298
0.317280 0.667433
0.295310 0.622646
0.284693 0.579588
0.282112 0.543085
0.283931 0.516103
0.286971 0.499799
0.289075 0.494249
0.289423 0.499177
0.288598 0.514302
0.288431 0.539173
0.291677 0.572637
0.301527 0.612240
0.320982 0.654071
0.352118 0.693377
0.395253 0.725753
0.464373 0.751532
0.521301 0.759829
0.577450 0.758424
0.628467 0.748645
0.671537 0.732520
0.705611 0.712637
0.730998 0.691907
0.748724 0.673246
0.759991 0.659205
0.765789 0.651686
0.766657 0.651759
0.762560 0.659570
0.752864 0.674304
0.736415 0.694189
0.711750 0.716628
0.677491 0.738491
0.632981 0.756531
0.579102 0.767794
0.518922 0.769909
0.457539 0.761272
0.400786 0.741228
0.353453 0.710362
0.318154 0.670777
0.295272 0.626082
0.283504 0.580775
0.280514 0.539144
0.283456 0.504287
0.289420 0.477749
0.295818 0.459808
0.300689 0.450058
0.302873 0.447955
0.302078 0.453160
0.298846 0.465647
0.294480 0.485567
0.290908 0.512922
0.290494 0.547114
0.295775 0.586529
0.309149 0.628391
0.332507 0.669102
0.366800 0.704982
0.411529 0.733058
0.482343 0.754274
0.537171 0.759368
0.590901 0.755616
0.640069 0.743885
0.682377 0.725505
0.716867 0.702240
0.743668 0.676218
0.763599 0.649775
0.777789 0.625221
0.787410 0.604610
0.793496 0.589571
0.796818 0.581246
0.797806 0.580285
0.796496 0.586866
0.792520 0.600684
0.785116 0.620888
0.773184 0.646034
0.755382 0.674091
0.730287 0.702586
0.696675 0.728871
0.653946 0.750423
0.602691 0.765085
0.545161 0.771178
0.485274 0.767533
0.427837 0.753534
0.377287 0.729262
0.336653 0.695717
0.307231 0.655020
0.288843 0.610329
0.280283 0.565350
0.279710 0.523549
0.284923 0.487455
0.293601 0.458379
0.303525 0.436559
0.312780 0.421544
0.319905 0.412598
0.323968 0.409025
0.324569 0.410368
0.321813 0.416503
0.316271 0.427623
0.308950 0.444134
0.301246 0.466466
0.294871 0.494807
0.291732 0.528792
0.293791 0.567241
0.302888 0.608079
0.320554 0.648538
0.347781 0.685641
0.384720 0.716754
0.430360 0.739979
0.502130 0.756179
0.555236 0.758068
0.606682 0.751719
0.653624 0.737742
0.694192 0.717075
0.727577 0.691009
0.753849 0.661177
0.773653 0.629480
0.787945 0.597926
0.797798 0.568427
0.804271 0.542620
0.808328 0.521770
0.810774 0.506760
0.812205 0.498157
0.812969 0.496286
0.813137 0.501288
0.812492 0.513130
0.810534 0.531552
0.806502 0.555970
0.799407 0.585365
0.788081 0.618220
0.771248 0.652552
0.747626 0.686088
0.716122 0.716525
0.676130 0.741781
0.627949 0.760154
0.573187 0.770363
0.514883 0.771512
0.457089 0.763064
0.403952 0.744889
0.358763 0.717414
0.323453 0.681830
0.298620 0.640222
0.283850 0.595463
0.278054 0.550784
0.279713 0.509151
0.287039 0.472737
0.298114 0.442695
0.311025 0.419253
0.324017 0.401983
0.335622 0.390117
0.344733 0.382803
0.350631 0.379296
0.352951 0.379076
0.351652 0.381901
0.346972 0.387829
0.339420 0.397175
0.329770 0.410450
0.319058 0.428245
0.308564 0.451080
0.299754 0.479203
0.294203 0.512376
0.293497 0.549687
0.299122 0.589488
0.312353 0.629529
0.334127 0.667290
0.364848 0.700400
0.404158 0.726975
0.450715 0.745776
0.523652 0.756963
0.573619 0.755735
0.621467 0.747160
0.665012 0.731642
0.702819 0.709815
0.734240 0.682577
0.759272 0.651121
0.778355 0.616904
0.792193 0.581561
0.801613 0.546749
0.807489 0.513978
0.810681 0.484483
0.812005 0.459164
0.812201 0.438605
0.811907 0.423138
0.811632 0.412930
0.811725 0.408069
0.812355 0.408619
0.813501 0.414650
0.814940 0.426238
0.816266 0.443417
0.816896 0.466107
0.816100 0.494008
0.813023 0.526479
0.806713 0.562455
0.796146 0.600431
0.780267 0.638561
0.758058 0.674854
0.728667 0.707409
0.691611 0.734600
0.647071 0.755165
0.596194 0.768194
0.541234 0.773063
0.485364 0.769379
0.432097 0.756977
0.384560 0.735989
0.344964 0.706987
0.314454 0.671144
0.293258 0.630309
0.280945 0.586905
0.276650 0.543607
0.279222 0.502892
0.287306 0.466646
0.299418 0.435974
0.314017 0.411226
0.329605 0.392166
0.344829 0.378186
0.358565 0.368501
0.369961 0.362301
0.378440 0.358860
0.383670 0.357608
0.385521 0.358174
0.384028 0.360400
0.379360 0.364342
0.371820 0.370257
0.361852 0.378563
0.350061 0.389801
0.337223 0.404565
0.324288 0.423414
0.312348 0.446759
0.302598 0.474727
0.296270 0.507024
0.294568 0.542821
0.298608 0.580741
0.309352 0.618963
0.327531 0.655457
0.353543 0.688270
0.387291 0.715777
0.428027 0.736806
0.474227 0.750643
0.546748 0.756320
0.594481 0.751903
0.639510 0.740614
0.680088 0.722762
0.715114 0.698842
0.744114 0.669585
0.767117 0.635999
0.784491 0.599359
0.796808 0.561139
0.804742 0.522878
0.809014 0.486018
0.810357 0.451763
0.809494 0.420995
0.807133 0.394268
0.803944 0.371855
0.800549 0.353820
0.797496 0.340112
0.795238 0.330627
0.794111 0.325276
0.794310 0.324016
0.795881 0.326876
0.798715 0.333963
0.802545 0.345455
0.806963 0.361565
0.811433 0.382499
0.815316 0.408366
0.817889 0.439083
0.818369 0.474258
0.815924 0.513082
0.809687 0.554300
0.798767 0.596263
0.782278 0.637100
0.759396 0.674947
0.729475 0.708161
0.692235 0.735447
0.648002 0.755877
0.597954 0.768831
0.544216 0.773914
0.489667 0.770887
0.437462 0.759664
0.390425 0.740362
0.350613 0.713418
0.319175 0.679735
0.296465 0.640783
0.282257 0.598571
0.275943 0.555458
0.276658 0.513799
0.283353 0.475587
0.294833 0.442203
0.309798 0.414347
0.326902 0.392115
0.344833 0.375155
0.362400 0.362838
0.378606 0.354397
0.392686 0.349041
0.404112 0.346033
0.412568 0.344744
0.417903 0.344690
0.420088 0.345549
0.419180 0.347171
0.415295 0.349572
0.408609 0.352926
0.399362 0.357552
0.387885 0.363884
0.374620 0.372451
0.360145 0.383830
0.345182 0.398598
0.330589 0.417259
0.317330 0.440159
0.306436 0.467381
0.298948 0.498639
0.295873 0.533201
0.298136 0.569877
0.306544 0.607098
0.321734 0.643092
0.344104 0.676116
0.373703 0.704660
0.410102 0.727567
0.452271 0.744064
0.498546 0.753709
0.571174 0.753923
0.615547 0.746490
0.656837 0.732842
0.693744 0.713214
0.725481 0.687995
0.751726 0.657777
0.772519 0.623398
0.788146 0.585945
0.799039 0.546702
0.805707 0.507043
0.808695 0.468297
0.808565 0.431605
0.805886 0.397840
0.801232 0.367565
0.795177 0.341063
0.788297 0.318391
0.781152 0.299448
0.774277 0.284044
0.768162 0.271952
0.763236 0.262953
0.759847 0.256864
0.758244 0.253558
0.758569 0.252980
0.760847 0.255152
0.764979 0.260174
0.770750 0.268229
0.777829 0.279568
0.785785 0.294496
0.794104 0.313344
0.802205 0.336421
0.809466 0.363949
0.815235 0.395974
0.818847 0.432259
0.819625 0.472199
0.816885 0.514760
0.809929 0.558517
0.798057 0.601786
0.780588 0.642821
0.756917 0.680028
0.726618 0.712115
0.689604 0.738141
0.646324 0.757486
0.597933 0.769767
0.546342 0.774761
0.494049 0.772344
0.443756 0.762480
0.397910 0.745266
0.358357 0.721017
0.326214 0.690378
0.301940 0.654427
0.285496 0.614707
0.276507 0.573131
0.274378 0.531767
0.278355 0.492549
0.287556 0.457026
0.300986 0.426217
0.317556 0.400596
0.336129 0.380173
0.355582 0.364617
0.374874 0.353373
0.393113 0.345769
0.409597 0.341093
0.423822 0.338653
0.435475 0.337819
0.444394 0.338051
0.450535 0.338923
0.453923 0.340128
0.454629 0.341485
0.452740 0.342934
0.448354 0.344536
0.441579 0.346458
0.432546 0.348970
0.421428 0.352429
0.408464 0.357266
0.393982 0.363966
0.378422 0.373047
0.362341 0.385023
0.346409 0.400364
0.331393 0.419440
0.318123 0.442452
0.307454 0.469359
0.300227 0.499805
0.297239 0.533073
0.299211 0.568095
0.306770 0.603522
0.320413 0.637863
0.340461 0.669655
0.366984 0.697611
0.399706 0.720717
0.437910 0.738254
0.480383 0.749770
0.525457 0.755023
0.596596 0.749423
0.637662 0.738963
0.675316 0.722798
0.708614 0.701129
0.737017 0.674301
0.760335 0.642849
0.778639 0.607536
0.792169 0.569357
0.801269 0.529487
0.806330 0.489192
0.807770 0.449703
0.806016 0.412089
0.801505 0.377179
0.794683 0.345518
0.786012 0.317384
0.775972 0.292835
0.765057 0.271764
0.753771 0.253958
0.742616 0.239150
0.732076 0.227054
0.722605 0.217392
0.714610 0.209917
0.708436 0.204422
0.704354 0.200749
0.702559 0.198797
0.703153 0.198524
0.706151 0.199949
0.711472 0.203156
0.718940 0.208294
0.728286 0.215574
0.739152 0.225266
0.751104 0.237698
0.763643 0.253237
0.776224 0.272269
0.788279 0.295167
0.799228 0.322236
0.808500 0.353641
0.815536 0.389315
0.819788 0.428867
0.820715 0.471514
0.817777 0.516072
0.810424 0.561041
0.798103 0.604762
0.780284 0.645628
0.756507 0.682261
0.726482 0.713607
0.690220 0.738950
0.648194 0.757852
0.601474 0.770071
0.551760 0.775482
0.501242 0.774025
0.452299 0.765694
0.407129 0.750565
0.367455 0.728862
0.334398 0.701048
0.308507 0.667920
0.289884 0.630667
0.278321 0.590837
0.273407 0.550219
0.274593 0.510623
0.281217 0.473655
0.292517 0.440539
0.307627 0.412040
0.325602 0.388481
0.345441 0.369815
0.366147 0.355726
0.386786 0.345717
0.406539 0.339192
0.424753 0.335512
0.440950 0.334038
0.454826 0.334167
0.466224 0.335358
0.475106 0.337145
0.481507 0.339154
0.485511 0.341104
0.487217 0.342810
0.486721 0.344182
0.484108 0.345216
0.479445 0.345995
0.472787 0.346677
0.464191 0.347492
0.453725 0.348735
0.441497 0.350760
0.427669 0.353968
0.412482 0.358797
0.396272 0.365705
0.379478 0.375152
0.362640 0.387568
0.346386 0.403317
0.331406 0.422655
0.318426 0.445673
0.308171 0.472238
0.301341 0.501948
0.298585 0.534106
0.300488 0.567734
0.307553 0.601641
0.320177 0.634537
0.338623 0.665160
0.362957 0.692393
0.392985 0.715336
0.428166 0.733332
0.467569 0.745941
0.509871 0.752901
0.553456 0.754077
0.622593 0.742449
0.660259 0.728937
0.694264 0.710139
0.723950 0.686256
0.748976 0.657629
0.769259 0.624791
0.784897 0.588487
0.796105 0.549674
0.803159 0.509468
0.806368 0.469055
0.806050 0.429573
0.802530 0.392006
0.796137 0.357108
0.787213 0.325375
0.776117 0.297058
0.763234 0.272200
0.748979 0.250691
0.733793 0.232319
0.718137 0.216811
0.702484 0.203870
0.687302 0.193194
0.673043 0.184496
0.660122 0.177514
0.648912 0.172015
0.639730 0.167805
0.632837 0.164725
0.628431 0.162661
0.626649 0.161541
0.627566 0.161336
0.631194 0.162064
0.637478 0.163792
0.646295 0.166630
0.657446 0.170741
0.670658 0.176333
0.685580 0.183664
0.701793 0.193036
0.718815 0.204796
0.736122 0.219327
0.753167 0.237032
0.769399 0.258312
0.784283 0.283529
0.797311 0.312946
0.808008 0.346656
0.815928 0.384487
0.820646 0.425929
0.821743 0.470083
0.818799 0.515682
0.811381 0.561205
0.799048 0.605052
0.781375 0.645733
0.758003 0.682025
0.728718 0.713034
0.693570 0.738182
0.653005 0.757143
0.607978 0.769759
0.559984 0.775965
0.510956 0.775740
0.463022 0.769097
0.418203 0.756095
0.378152 0.736890
0.344013 0.711811
0.316426 0.681445
0.295614 0.646697
0.281502 0.608812
0.273816 0.569308
0.272154 0.529833
0.276016 0.491974
0.284815 0.457073
0.297872 0.426115
0.314417 0.399683
0.333598 0.377994
0.354512 0.360964
0.376249 0.348293
0.397946 0.339533
0.418843 0.334148
0.438318 0.331560
0.455915 0.331184
0.471338 0.332453
0.484433 0.334838
0.495167 0.337871
0.503589 0.341146
0.509800 0.344335
0.513926 0.347188
0.516099 0.349530
0.516433 0.351262
0.515020 0.352352
0.511927 0.352832
0.507190 0.352795
0.500826 0.352386
0.492836 0.351805
0.483225 0.351298
0.472011 0.351154
0.459247 0.351704
0.445039 0.353315
0.429561 0.356378
0.413072 0.361301
0.395923 0.368492
0.378558 0.378344
0.361502 0.391203
0.345343 0.407343
0.330710 0.426925
0.318244 0.449950
0.308571 0.476218
0.302285 0.505295
0.299927 0.536499
0.301981 0.568921
0.308861 0.601492
0.320892 0.633070
0.338285 0.662549
0.361097 0.688946
0.389169 0.711461
0.422068 0.729497
0.459038 0.742639
0.498991 0.750623
0.540568 0.753295
0.582263 0.750578
0.648667 0.732612
0.682527 0.716167
0.712633 0.694886
0.738562 0.668984
0.760130 0.638825
0.777327 0.604952
0.790267 0.568104
0.799133 0.529205
0.804146 0.489302
0.805540 0.449482
0.803553 0.410772
0.798422 0.374045
0.790385 0.339965
0.779692 0.308961
0.766613 0.281250
0.751444 0.256863
0.734516 0.235697
0.716196 0.217557
0.696890 0.202190
0.677027 0.189316
0.657056 0.178646
0.637423 0.169899
0.618561 0.162805
0.600870 0.157115
0.584708 0.152604
0.570385 0.149068
0.558157 0.146333
0.548233 0.144250
0.540774 0.142700
0.535900 0.141593
0.533698 0.140873
0.534222 0.140513
0.537496 0.140522
0.543512 0.140942
0.552227 0.141849
0.563553 0.143352
0.577350 0.145598
0.593416 0.148766
0.611479 0.153071
0.631195 0.158760
0.652149 0.166120
0.673864 0.175469
0.695821 0.187158
0.717479 0.201565
0.738298 0.219083
0.757766 0.240098
0.775405 0.264962
0.790791 0.293932
0.803541 0.327115
0.813315 0.364380
0.819794 0.405285
0.822672 0.449030
0.821636 0.494469
0.816357 0.540192
0.806493 0.584685
0.791697 0.626506
0.771654 0.664437
0.746133 0.697565
0.715076 0.725284
0.678702 0.747248
0.637615 0.763293
0.592873 0.773363
0.545971 0.777453
0.498712 0.775579
0.452986 0.767774
0.410522 0.754108
0.372694 0.734738
0.340438 0.709970
0.314274 0.680332
0.294379 0.646625
0.280692 0.609942
0.272992 0.571621
0.270954 0.533129
0.274173 0.495908
0.282176 0.461223
0.294408 0.430049
0.310235 0.403022
0.328934 0.380454
0.349716 0.362377
0.371756 0.348612
0.394232 0.338829
0.416383 0.332596
0.437546 0.329420
0.457192 0.328781
0.474942 0.330152
0.490561 0.333022
0.503943 0.336908
0.515087 0.341371
0.524069 0.346029
0.531014 0.350557
0.536073 0.354696
0.539400 0.358249
0.541142 0.361082
0.541421 0.363118
0.540333 0.364329
0.537943 0.364738
0.534283 0.364407
0.529358 0.363440
0.523149 0.361977
0.515621 0.360190
0.506736 0.358291
0.496461 0.356520
0.484783 0.355151
0.471726 0.354486
0.457361 0.354851
0.441825 0.356592
0.425330 0.360066
0.408168 0.365630
0.390714 0.373626
0.373415 0.384368
0.356776 0.398111
0.341345 0.415031
0.327680 0.435186
0.316338 0.458485
0.307850 0.484654
0.302706 0.513219
0.301352 0.543502
0.304179 0.574656
0.311516 0.605719
0.323618 0.635691
0.340641 0.663620
0.362611 0.688668
0.389375 0.710150
0.420554 0.727547
0.455505 0.740492
0.493310 0.748744
0.532817 0.752149
0.572732 0.750620
0.611746 0.744110
0.674267 0.719509
0.704057 0.700285
0.730137 0.676696
0.752268 0.648995
0.770374 0.617578
0.784493 0.583009
0.794741 0.546026
0.801270 0.507510
0.804252 0.468430
0.803860 0.429762
0.800266 0.392401
0.793635 0.357098
0.784136 0.324411
0.771945 0.294698
0.757258 0.268130
0.740297 0.244728
0.721323 0.224395
0.700639 0.206958
0.678593 0.192192
0.655573 0.179849
0.631994 0.169671
0.608289 0.161401
0.584889 0.154792
0.562203 0.149608
0.540604 0.145627
0.520417 0.142643
0.501915 0.140467
0.485313 0.138925
0.470779 0.137860
0.458433 0.137133
0.448363 0.136626
0.440629 0.136239
0.435275 0.135896
0.432334 0.135543
0.431834 0.135151
0.433800 0.134716
0.438256 0.134259
0.445223 0.133827
0.454710 0.133495
0.466712 0.133361
0.481194 0.133547
0.498083 0.134200
0.517251 0.135491
0.538502 0.137615
0.561568 0.140787
0.586096 0.145251
0.611660 0.151273
0.637770 0.159148
0.663893 0.169193
0.689482 0.181752
0.714002 0.197183
0.736956 0.215851
0.757903 0.238099
0.776463 0.264217
0.792315 0.294391
0.805189 0.328635
0.814849 0.366723
0.821078 0.408125
0.823659 0.451984
0.822363 0.497143
0.816941 0.542247
0.807124 0.585889
0.792640 0.626767
0.773236 0.663811
0.748735 0.696234
0.719100 0.723529
0.684523 0.745419
0.645512 0.761783
0.602951 0.772596
0.558103 0.777875
0.512515 0.777649
0.467855 0.771953
0.425709 0.760837
0.387406 0.744404
0.353921 0.722851
0.325862 0.696534
0.303524 0.666019
0.286957 0.632118
0.276051 0.595883
0.270590 0.558551
0.270281 0.521433
0.274779 0.485790
0.283674 0.452708
0.296492 0.423015
0.312680 0.397257
0.331607 0.375704
0.352573 0.358396
0.374835 0.345190
0.397644 0.335817
0.420285 0.329912
0.442122 0.327057
0.462628 0.326798
0.481409 0.328666
0.498201 0.332194
0.512865 0.336929
0.525369 0.342446
0.535766 0.348357
0.544166 0.354322
0.550720 0.360049
0.555595 0.365305
0.558963 0.369905
0.560983 0.373720
0.561797 0.376664
0.561518 0.378697
0.560235 0.379812
0.558001 0.380037
0.554841 0.379427
0.550753 0.378065
0.545709 0.376057
0.539662 0.373533
0.532552 0.370647
0.524313 0.367576
0.514884 0.364524
0.504214 0.361716
0.492282 0.359402
0.479099 0.357854
0.464725 0.357360
0.449282 0.358224
0.432954 0.360754
0.416000 0.365257
0.398746 0.372030
0.381582 0.381340
0.364951 0.393415
0.349326 0.408417
0.335201 0.426419
0.323062 0.447378
0.313378 0.471111
0.306589 0.497273
0.303092 0.525351
0.303245 0.554677
0.307354 0.584460
0.315674 0.613844
0.328393 0.641966
0.345610 0.668025
0.367312 0.691323
0.393330 0.711294
0.423309 0.727509
0.456672 0.739659
0.492621 0.747536
0.530163 0.751002
0.568186 0.749970
0.605553 0.744388
0.641209 0.734231
0.698810 0.702737
0.724553 0.680774
0.746695 0.654901
0.765123 0.625422
0.779835 0.592785
0.790897 0.557592
0.798416 0.520588
0.802521 0.482622
0.803341 0.444586
0.801003 0.407344
0.795626 0.371665
0.787326 0.338168
0.776219 0.307299
0.762429 0.279331
0.746101 0.254384
0.727410 0.232451
0.706570 0.213434
0.683844 0.197172
0.659544 0.183464
0.634033 0.172091
0.607710 0.162825
0.581002 0.155442
0.554342 0.149722
0.528148 0.145456
0.502805 0.142443
0.478650 0.140494
0.455962 0.139429
0.434957 0.139076
0.415792 0.139275
0.398570 0.139874
0.383352 0.140731
0.370162 0.141714
0.359002 0.142706
0.349860 0.143600
0.342717 0.144309
0.337555 0.144758
0.334365 0.144896
0.333143 0.144689
0.333903 0.144123
0.336670 0.143210
0.341482 0.141979
0.348393 0.140485
0.357460 0.138800
0.368748 0.137019
0.382315 0.135253
0.398204 0.133633
0.416433 0.132303
0.436974 0.131425
0.459743 0.131172
0.484581 0.131735
0.511241 0.133319
0.539386 0.136143
0.568588 0.140449
0.598344 0.146493
0.628102 0.154558
0.657288 0.164944
0.685347 0.177971
0.711764 0.193971
0.736095 0.213271
0.757969 0.236174
0.777088 0.262919
0.793223 0.293633
0.806188 0.328272
0.815829 0.366553
0.822004 0.407912
0.824561 0.451481
0.823334 0.496136
0.818133 0.540591
0.808746 0.583537
0.794951 0.623779
0.776541 0.660342
0.753367 0.692516
0.725392 0.719847
0.692763 0.742090
0.655888 0.759146
0.615490 0.771006
0.572622 0.777697
0.528606 0.779258
0.484919 0.775728
0.443025 0.767147
0.404215 0.753579
0.369505 0.735150
0.339589 0.712092
0.314869 0.684790
0.295505 0.653830
0.281486 0.620015
0.272683 0.584345
0.268894 0.547963
0.269863 0.512053
0.275288 0.477731
0.284814 0.445952
0.298025 0.417441
0.314436 0.392679
0.333486 0.371910
0.354545 0.355183
0.376937 0.342388
0.399967 0.333303
0.422960 0.327619
0.445301 0.324978
0.466466 0.324980
0.486044 0.327209
0.503747 0.331237
0.519404 0.336645
0.532950 0.343024
0.544407 0.349993
0.553865 0.357204
0.561462 0.364350
0.567364 0.371170
0.571749 0.377451
0.574798 0.383026
0.576681 0.387774
0.577548 0.391615
0.577531 0.394504
0.576733 0.396426
0.575228 0.397394
0.573064 0.397441
0.570259 0.396619
0.566808 0.394997
0.562681 0.392658
0.557827 0.389701
0.552182 0.386241
0.545669 0.382410
0.538208 0.378357
0.529718 0.374250
0.520129 0.370279
0.509389 0.366649
0.497470 0.363589
0.484383 0.361342
0.470184 0.360164
0.454982 0.360323
0.438945 0.362091
0.422305 0.365736
0.405353 0.371515
0.388438 0.379665
0.371952 0.390386
0.356316 0.403827
0.341968 0.420065
0.329344 0.439088
0.318866 0.460768
0.310931 0.484849
0.305900 0.510933
0.304101 0.538485
0.305820 0.566853
0.311301 0.595305
0.320739 0.623076
0.334266 0.649421
0.351935 0.673661
0.373696 0.695214
0.399360 0.713615
0.428574 0.728507
0.460803 0.739635
0.495322 0.746821
0.531252 0.749945
0.567616 0.748927
0.603415 0.743713
0.637716 0.734273
0.669721 0.720602
0.721714 0.681912
0.743326 0.657463
0.761539 0.629612
0.776323 0.598724
0.787716 0.565297
0.795792 0.529959
0.800647 0.493439
0.802379 0.456530
0.801082 0.420027
0.796844 0.384665
0.789744 0.351073
0.779858 0.319741
0.767262 0.291005
0.752044 0.265060
0.734314 0.241975
0.714212 0.221724
0.691921 0.204206
0.667676 0.189276
0.641765 0.176758
0.614530 0.166463
0.586358 0.158197
0.557670 0.151770
0.528898 0.146996
0.500463 0.143696
0.472757 0.141700
0.446126 0.140845
0.420854 0.140974
0.397158 0.141936
0.375191 0.143583
0.355049 0.145773
0.336772 0.148365
0.320364 0.151223
0.305796 0.154217
0.293018 0.157218
0.281970 0.160108
0.272586 0.162773
0.264803 0.165113
0.258563 0.167039
0.253816 0.168473
0.250528 0.169357
0.248675 0.169649
0.248251 0.169323
0.249267 0.168376
0.251749 0.166823
0.255743 0.164699
0.261310 0.162058
0.268526 0.158973
0.277484 0.155534
0.288286 0.151845
0.301042 0.148026
0.315859 0.144206
0.332839 0.140526
0.352061 0.137135
0.373568 0.134188
0.397354 0.131848
0.423339 0.130286
0.451361 0.129678
0.481155 0.130212
0.512354 0.132087
0.544494 0.135515
0.577036 0.140724
0.609391 0.147961
0.640962 0.157492
0.671185 0.169600
0.699551 0.184578
0.725636 0.202722
0.749104 0.224307
0.769702 0.249557
0.787247 0.278611
0.801610 0.311462
0.812691 0.347907
0.820402 0.387499
0.824654 0.429522
0.825338 0.473011
0.822324 0.516822
0.815455 0.559740
0.804556 0.600608
0.789449 0.638431
0.769978 0.672442
0.746051 0.702114
0.717692 0.727133
0.685100 0.747351
0.648713 0.762726
0.609239 0.773276
0.567665 0.779044
0.525194 0.780075
0.483143 0.776405
0.442802 0.768073
0.405312 0.755133
0.371579 0.737688
0.342234 0.715925
0.317658 0.690159
0.298024 0.660869
0.283348 0.628722
0.273546 0.594565
0.268463 0.559385
0.267899 0.524242
0.271616 0.490173
0.279336 0.458111
0.290732 0.428814
0.305418 0.402831
0.322940 0.380506
0.342774 0.361990
0.364338 0.347281
0.387004 0.336255
0.410136 0.328700
0.433115 0.324338
0.455380 0.322847
0.476450 0.323874
0.495950 0.327045
0.513611 0.331977
0.529274 0.338287
0.542876 0.345598
0.554432 0.353553
0.564027 0.361818
0.571789 0.370095
0.577878 0.378123
0.582472 0.385684
0.585753 0.392601
0.587901 0.398741
0.589083 0.404008
0.589450 0.408341
0.589132 0.411709
0.588235 0.414104
0.586840 0.415541
0.585005 0.416047
0.582760 0.415664
0.580113 0.414445
0.577051 0.412450
0.573540 0.409749
0.569527 0.406419
0.564947 0.402548
0.559722 0.398236
0.553768 0.393592
0.546996 0.388743
0.539320 0.383829
0.530662 0.379006
0.520955 0.374450
0.510155 0.370349
0.498245 0.366909
0.485245 0.364349
0.471217 0.362898
0.456272 0.362791
0.440572 0.364264
0.424335 0.367551
0.407832 0.372873
0.391377 0.380430
0.375323 0.390391
0.360046 0.402884
0.345936 0.417973
0.333379 0.435651
0.322749 0.455815
0.314399 0.478256
0.308652 0.502650
0.305801 0.528554
0.306105 0.555424
0.309788 0.582636
0.317032 0.609526
0.327977 0.635427
0.342700 0.659712
0.361206 0.681824
0.383398 0.701297
0.409060 0.717759
0.437828 0.730931
0.469186 0.740609
0.502464 0.746649
0.536874 0.748953
0.571554 0.747452
0.605637 0.742095
0.638314 0.732854
0.668891 0.719718
0.696821 0.702713
0.742414 0.656709
0.760018 0.629960
0.774446 0.600348
0.785720 0.568304
0.793894 0.534374
0.799040 0.499197
0.801235 0.463479
0.800552 0.427939
0.797055 0.393263
0.790800 0.360058
0.781837 0.328815
0.770214 0.299897
0.755981 0.273540
0.739207 0.249862
0.719980 0.228887
0.698426 0.210565
0.674718 0.194792
0.649079 0.181434
0.621793 0.170337
0.593197 0.161336
0.563679 0.154269
0.533657 0.148975
0.503562 0.145301
0.473818 0.143098
0.444813 0.142227
0.416890 0.142553
0.390327 0.143946
0.365335 0.146282
0.342058 0.149434
0.320576 0.153280
0.300919 0.157695
0.283073 0.162555
0.266989 0.167734
0.252598 0.173106
0.239817 0.178543
0.228553 0.183920
0.218713 0.189113
0.210207 0.194004
0.202951 0.198481
0.196867 0.202437
0.191890 0.205780
0.187965 0.208428
0.185049 0.210312
0.183111 0.211380
0.182136 0.211597
0.182120 0.210946
0.183073 0.209428
0.185023 0.207064
0.188009 0.203892
0.192087 0.199970
0.197328 0.195372
0.203817 0.190191
0.211657 0.184531
0.220962 0.178510
0.231860 0.172255
0.244487 0.165903
0.258985 0.159596
0.275495 0.153477
0.294146 0.147695
0.315044 0.142397
0.338257 0.137733
0.363798 0.133851
0.391600 0.130904
0.421505 0.129047
0.453245 0.128440
0.486441 0.129254
0.520607 0.131670
0.555175 0.135883
0.589528 0.142104
0.623044 0.150565
0.655136 0.161512
0.685287 0.175204
0.713074 0.191905
0.738171 0.211869
0.760346 0.235312
0.779444 0.262385
0.795368 0.293128
0.808058 0.327419
0.817469 0.364933
0.823555 0.405107
0.826258 0.447144
0.825495 0.490049
0.821158 0.532717
0.813117 0.574038
0.801225 0.613001
0.785334 0.648776
0.765328 0.680749
0.741153 0.708517
0.712868 0.731855
0.680695 0.750670
0.645064 0.764952
0.606649 0.774735
0.566354 0.780066
0.525268 0.780991
0.484572 0.777546
0.445427 0.769764
0.408864 0.757690
0.375714 0.741402
0.346577 0.721049
0.321830 0.696881
0.301663 0.669284
0.286125 0.638807
0.275167 0.606159
0.268675 0.572194
0.266493 0.537854
0.268435 0.504099
0.274279 0.471831
0.283768 0.441827
0.296596 0.414695
0.312401 0.390859
0.330753 0.370567
0.351162 0.353911
0.373077 0.340861
0.395917 0.331289
0.419086 0.324996
0.442011 0.321730
0.464173 0.321202
0.485126 0.323094
0.504518 0.327069
0.522099 0.332779
0.537714 0.339870
0.551300 0.347992
0.562867 0.356806
0.572490 0.365993
0.580288 0.375260
0.586411 0.384350
0.591033 0.393038
0.594334 0.401142
0.596497 0.408519
0.597695 0.415061
0.598093 0.420696
0.597837 0.425382
0.597056 0.429102
0.595856 0.431858
0.594321 0.433669
0.592514 0.434566
0.590475 0.434588
0.588222 0.433780
0.585755 0.432193
0.583055 0.429880
0.580084 0.426898
0.576792 0.423310
0.573114 0.419183
0.568976 0.414589
0.564294 0.409611
0.558982 0.404341
0.552950 0.398884
0.546108 0.393356
0.538375 0.387888
0.529679 0.382628
0.519967 0.377736
0.509203 0.373387
0.497385 0.369769
0.484541 0.367079
0.470740 0.365523
0.456096 0.365311
0.440770 0.366651
0.424969 0.369747
0.408944 0.374791
0.392986 0.381954
0.377415 0.391383
0.362573 0.403182
0.348807 0.417407
0.336467 0.434048
0.325887 0.453017
0.317383 0.474136
0.311248 0.497130
0.307745 0.521623
0.307109 0.547149
0.309544 0.573171
0.315223 0.599105
0.324280 0.624356
0.336804 0.648351
0.352825 0.670566
0.372301 0.690550
0.395092 0.707929
0.420950 0.722413
0.449496 0.733781
0.480219 0.741874
0.512491 0.746578
0.545589 0.747813
0.578746 0.745518
0.611202 0.739652
0.642256 0.730187
0.671311 0.717115
0.697895 0.700458
0.721668 0.680279
0.760384 0.626919
0.774117 0.598177
0.784908 0.567165
0.792801 0.534374
0.797852 0.500378
0.800122 0.465810
0.799669 0.431323
0.796541 0.397543
0.790778 0.365039
0.782414 0.334280
0.771476 0.305628
0.757994 0.279334
0.742006 0.255539
0.723571 0.234299
0.702775 0.215596
0.679744 0.199362
0.654653 0.185493
0.627734 0.173864
0.599278 0.164339
0.569631 0.156778
0.539182 0.151044
0.508353 0.147006
0.477570 0.144538
0.447247 0.143522
0.417760 0.143845
0.389433 0.145403
0.362526 0.148093
0.337230 0.151814
0.313669 0.156467
0.291909 0.161954
0.271962 0.168171
0.253798 0.175013
0.237359 0.182370
0.222562 0.190128
0.209310 0.198166
0.197502 0.206363
0.187030 0.214592
0.177790 0.222724
0.169683 0.230631
0.162614 0.238187
0.156498 0.245269
0.151257 0.251759
0.146823 0.257550
0.143136 0.262541
0.140147 0.266646
0.137818 0.269790
0.136117 0.271911
0.135026 0.272967
0.134535 0.272926
0.134645 0.271778
0.135366 0.269528
0.136721 0.266199
0.138742 0.261832
0.141474 0.256486
0.144973 0.250235
0.149308 0.243173
0.154559 0.235406
0.160821 0.227053
0.168203 0.218246
0.176827 0.209125
0.186826 0.199836
0.198347 0.190526
0.211546 0.181346
0.226584 0.172443
0.243619 0.163963
0.262802 0.156045
0.284261 0.148825
0.308086 0.142434
0.334310 0.137000
0.362891 0.132650
0.393688 0.129511
0.426448 0.127715
0.460798 0.127400
0.496251 0.128715
0.532226 0.131823
0.568088 0.136901
0.603190 0.144144
0.636918 0.153765
0.668734 0.165991
0.698195 0.181056
0.724966 0.199194
0.748815 0.220613
0.769595 0.245476
0.787227 0.273865
0.801672 0.305735
0.812915 0.340876
0.820947 0.378878
0.825746 0.419110
0.827273 0.460744
0.825464 0.502803
0.820227 0.544249
0.811450 0.584078
0.799008 0.621407
0.782779 0.655533
0.762671 0.685948
0.738654 0.712331
0.710801 0.734514
0.679334 0.752435
0.644659 0.766100
0.607392 0.775550
0.568354 0.780834
0.528525 0.781998
0.488972 0.779075
0.450750 0.772094
0.414811 0.761088
0.381941 0.746118
0.352724 0.727294
0.327545 0.704809
0.306621 0.678967
0.290031 0.650212
0.277763 0.619131
0.269739 0.586452
0.265839 0.553004
0.265915 0.519668
0.269794 0.487306
0.277271 0.456702
0.288107 0.428507
0.302014 0.403218
0.318647 0.381168
0.337601 0.362541
0.358409 0.347393
0.380553 0.335679
0.403485 0.327273
0.426646 0.321992
0.449499 0.319606
0.471556 0.319853
0.492397 0.322448
0.511691 0.327082
0.529197 0.333436
0.544764 0.341181
0.558324 0.349989
0.569882 0.359539
0.579501 0.369520
0.587290 0.379648
0.593390 0.389663
0.597964 0.399340
0.601190 0.408488
0.603246 0.416955
0.604312 0.424624
0.604556 0.431414
0.604136 0.437272
0.603195 0.442172
0.601857 0.446112
0.600228 0.449104
0.598392 0.451174
0.596416 0.452359
0.594344 0.452698
0.592203 0.452236
0.590002 0.451021
0.587733 0.449097
0.585371 0.446514
0.582880 0.443317
0.580208 0.439557
0.577295 0.435283
0.574072 0.430551
0.570458 0.425420
0.566372 0.419957
0.561725 0.414238
0.556429 0.408348
0.550398 0.402385
0.543550 0.396460
0.535812 0.390697
0.527123 0.385233
0.517441 0.380218
0.506746 0.375815
0.495046 0.372197
0.482381 0.369544
0.468828 0.368042
0.454503 0.367879
0.439567 0.369242
0.424217 0.372308
0.408692 0.377247
0.393261 0.384206
0.378219 0.393309
0.363877 0.404644
0.350551 0.418255
0.338557 0.434127
0.328196 0.452179
0.319756 0.472254
0.313500 0.494108
0.309667 0.517414
0.308471 0.541763
0.310100 0.566684
0.314712 0.591660
0.322436 0.616157
0.333360 0.639653
0.347530 0.661663
0.364930 0.681756
0.385470 0.699570
0.408971 0.714813
0.435147 0.727257
0.463600 0.736734
0.493825 0.743118
0.525218 0.746320
0.557115 0.746275
0.588828 0.742934
0.619690 0.736260
0.649100 0.726233
0.676548 0.712847
0.701637 0.696127
0.724080 0.676138
0.743695 0.653003
0.393569 0.730744
