0.556496 0.255021
0.535752 0.245738
0.536275 0.244284
0.558190 0.251817
0.583000 0.264935
0.592337 0.272632
0.581149 0.267392
0.547710 0.253230
0.518997 0.242366
0.500785 0.236237
0.499638 0.234211
0.516563 0.236632
0.546073 0.245037
0.578047 0.259555
0.602732 0.276353
0.615040 0.288607
0.614272 0.290842
0.601304 0.282522
0.577738 0.267976
0.538086 0.251408
0.507624 0.241248
0.481928 0.234772
0.465216 0.230976
0.460358 0.228803
0.468494 0.228006
0.488790 0.229469
0.518214 0.234780
0.551766 0.245212
0.583706 0.260599
0.609389 0.278751
0.626498 0.295886
0.634895 0.307982
0.635484 0.312268
0.629015 0.308064
0.615617 0.296789
0.595236 0.281373
0.568611 0.265283
0.527604 0.249630
0.497515 0.240761
0.469660 0.235008
0.446530 0.231626
0.430132 0.229613
0.421862 0.228062
0.422523 0.226482
0.432353 0.225002
0.450937 0.224386
0.477012 0.225834
0.508327 0.230624
0.541783 0.239676
0.573974 0.253153
0.601957 0.270213
0.623873 0.289029
0.639127 0.307133
0.648139 0.322001
0.651834 0.331627
0.651111 0.334887
0.646463 0.331616
0.637855 0.322530
0.624866 0.309054
0.607036 0.293095
0.584290 0.276725
0.557294 0.261803
0.516253 0.247974
0.487293 0.240527
0.459435 0.235765
0.434218 0.233191
0.412950 0.232101
0.396624 0.231713
0.385940 0.231309
0.381361 0.230363
0.383178 0.228657
0.391531 0.226339
0.406368 0.223916
0.427332 0.222189
0.453628 0.222117
0.483921 0.224652
0.516362 0.230564
0.548791 0.240280
0.579080 0.253741
0.605499 0.270337
0.626966 0.288918
0.643110 0.307940
0.654176 0.325699
0.660822 0.340619
0.663874 0.351470
0.664096 0.357492
0.662020 0.358398
0.657845 0.354328
0.651430 0.345784
0.642377 0.333576
0.630163 0.318768
0.614318 0.302604
0.594608 0.286380
0.571192 0.271294
0.544705 0.258294
0.504026 0.246526
0.475789 0.240367
0.448201 0.236642
0.422340 0.234990
0.399136 0.234901
0.379310 0.235776
0.363384 0.236985
0.351704 0.237936
0.344505 0.238142
0.341955 0.237286
0.344196 0.235265
0.351352 0.232218
0.363503 0.228520
0.380628 0.224748
0.402519 0.221620
0.428684 0.219916
0.458267 0.220393
0.490044 0.223700
0.522506 0.230297
0.554035 0.240384
0.583130 0.253842
0.608611 0.270200
0.629739 0.288640
0.646248 0.308070
0.658288 0.327239
0.666325 0.344904
0.671016 0.359974
0.673080 0.371617
0.673175 0.379304
0.671810 0.382794
0.669280 0.382087
0.665640 0.377383
0.660720 0.369046
0.654169 0.357590
0.645523 0.343673
0.634294 0.328083
0.620060 0.311702
0.602559 0.295441
0.581775 0.280164
0.557984 0.266602
0.531778 0.255290
0.490929 0.245376
0.463785 0.240528
0.437077 0.237859
0.411580 0.237110
0.387964 0.237924
0.366759 0.239872
0.348350 0.242474
0.332991 0.245239
0.320837 0.247687
0.311978 0.249393
0.306474 0.250018
0.304386 0.249342
0.305794 0.247289
0.310802 0.243940
0.319534 0.239531
0.332103 0.234446
0.348577 0.229183
0.368919 0.224319
0.392924 0.220470
0.420159 0.218237
0.449928 0.218174
0.481275 0.220739
0.513055 0.226264
0.544044 0.234919
0.573083 0.246675
0.599210 0.261287
0.621740 0.278279
0.640311 0.296960
0.654860 0.316471
0.665590 0.335864
0.672897 0.354197
0.677310 0.370624
0.679417 0.384466
0.679799 0.395243
0.678971 0.402673
0.677333 0.406645
0.675143 0.407183
0.672497 0.404408
0.669336 0.398524
0.665457 0.389799
0.660549 0.378574
0.654223 0.365270
0.646061 0.350389
0.635664 0.334513
0.622696 0.318274
0.606938 0.302327
0.588330 0.287293
0.566999 0.273720
0.543276 0.262040
0.517689 0.252544
0.476977 0.244618
0.450673 0.241004
0.424748 0.239391
0.399796 0.239580
0.376330 0.241307
0.354759 0.244251
0.335380 0.248050
0.318386 0.252310
0.303885 0.256627
0.291920 0.260603
0.282499 0.263865
0.275614 0.266090
0.271259 0.267023
0.269453 0.266498
0.270244 0.264451
0.273713 0.260927
0.279976 0.256087
0.289172 0.250198
0.301445 0.243624
0.316917 0.236802
0.335651 0.230216
0.357608 0.224374
0.382600 0.219777
0.410251 0.216897
0.439978 0.216150
0.471000 0.217882
0.502391 0.222349
0.533155 0.229699
0.562332 0.239950
0.589089 0.252974
0.612786 0.268485
0.633016 0.286033
0.649602 0.305017
0.662579 0.324729
0.672156 0.344396
0.678682 0.363257
0.682596 0.380617
0.684392 0.395904
0.684573 0.408690
0.683618 0.418702
0.681942 0.425799
0.679875 0.429953
0.677641 0.431211
0.675351 0.429676
0.672998 0.425487
0.670471 0.418806
0.667566 0.409827
0.664004 0.398779
0.659455 0.385939
0.653562 0.371644
0.645968 0.356287
0.636345 0.340319
0.624425 0.324229
0.610022 0.308518
0.593064 0.293669
0.573612 0.280115
0.551867 0.268217
0.528178 0.258241
0.503023 0.250353
0.462204 0.244354
0.437354 0.241980
0.412864 0.241370
0.389175 0.242382
0.366664 0.244831
0.345637 0.248493
0.326319 0.253115
0.308860 0.258415
0.293342 0.264092
0.279794 0.269833
0.268206 0.275326
0.258545 0.280264
0.250765 0.284365
0.244824 0.287378
0.240691 0.289099
0.238354 0.289377
0.237828 0.288131
0.239156 0.285346
0.242413 0.281088
0.247701 0.275496
0.255148 0.268782
0.264897 0.261226
0.277095 0.253157
0.291873 0.244948
0.309327 0.236992
0.329485 0.229688
0.352282 0.223427
0.377528 0.218575
0.404888 0.215464
0.433872 0.214384
0.463853 0.215573
0.494099 0.219208
0.523832 0.225401
0.552291 0.234182
0.578798 0.245489
0.602800 0.259159
0.623905 0.274918
0.641883 0.292383
0.656660 0.311072
0.668301 0.330427
0.676985 0.349848
0.682981 0.368739
0.686627 0.386545
0.688305 0.402789
0.688417 0.417097
0.687361 0.429203
0.685517 0.438947
0.683218 0.446262
0.680742 0.451149
0.678296 0.453661
0.676012 0.453882
0.673944 0.451911
0.672070 0.447854
0.670300 0.441821
0.668478 0.433929
0.666401 0.424306
0.663823 0.413104
0.660471 0.400507
0.656060 0.386738
0.650304 0.372064
0.642934 0.356796
0.633715 0.341278
0.622457 0.325879
0.609037 0.310968
0.593406 0.296901
0.575608 0.284001
0.555780 0.272539
0.534161 0.262728
0.511079 0.254716
0.486940 0.248586
0.446658 0.244688
0.422700 0.243469
0.399148 0.243881
0.376355 0.245811
0.354620 0.249116
0.334184 0.253627
0.315224 0.259147
0.297857 0.265459
0.282146 0.272327
0.268108 0.279499
0.255726 0.286712
0.244957 0.293702
0.235744 0.300205
0.228024 0.305971
0.221734 0.310766
0.216821 0.314384
0.213245 0.316653
0.210985 0.317444
0.210041 0.316672
0.210438 0.314306
0.212225 0.310373
0.215477 0.304953
0.220294 0.298188
0.226797 0.290273
0.235126 0.281451
0.245429 0.272009
0.257853 0.262264
0.272534 0.252552
0.289577 0.243219
0.309035 0.234603
0.330889 0.227030
0.355023 0.220800
0.381206 0.216188
0.409082 0.213432
0.438173 0.212736
0.467896 0.214262
0.497602 0.218129
0.526620 0.224404
0.554309 0.233097
0.580105 0.244149
0.603549 0.257427
0.624312 0.272710
0.642193 0.289696
0.657116 0.307997
0.669112 0.327159
0.678305 0.346685
0.684895 0.366058
0.689141 0.384778
0.691346 0.402395
0.691843 0.418527
0.690980 0.432878
0.689103 0.445242
0.686543 0.455500
0.683604 0.463607
0.680548 0.469574
0.677588 0.473456
0.674882 0.475331
0.672528 0.475291
0.670566 0.473428
0.668979 0.469830
0.667698 0.464578
0.666607 0.457749
0.665550 0.449420
0.664335 0.439673
0.662746 0.428608
0.660549 0.416346
0.657498 0.403043
0.653350 0.388887
0.647869 0.374105
0.640837 0.358957
0.632069 0.343728
0.621417 0.328720
0.608784 0.314237
0.594133 0.300568
0.577494 0.287978
0.558970 0.276697
0.538740 0.266908
0.517057 0.258747
0.494234 0.252304
0.470636 0.247619
0.430405 0.245731
0.407794 0.245629
0.385628 0.246988
0.364177 0.249721
0.343669 0.253725
0.324286 0.258873
0.306164 0.265025
0.289393 0.272020
0.274022 0.279685
0.260063 0.287830
0.247502 0.296256
0.236302 0.304754
0.226408 0.313109
0.217759 0.321106
0.210287 0.328535
0.203927 0.335193
0.198617 0.340892
0.194302 0.345461
0.190940 0.348754
0.188502 0.350651
0.186973 0.351063
0.186355 0.349933
0.186671 0.347244
0.187960 0.343017
0.190282 0.337313
0.193714 0.330235
0.198352 0.321927
0.204310 0.312572
0.211711 0.302388
0.220690 0.291621
0.231387 0.280539
0.243936 0.269425
0.258457 0.258565
0.275046 0.248241
0.293757 0.238725
0.314588 0.230272
0.337466 0.223114
0.362229 0.217461
0.388617 0.213496
0.416275 0.211379
0.444758 0.211238
0.473553 0.213178
0.502109 0.217271
0.529874 0.223553
0.556329 0.232020
0.581020 0.242621
0.603582 0.255249
0.623743 0.269738
0.641333 0.285857
0.656272 0.303312
0.668565 0.321753
0.678285 0.340784
0.685568 0.359985
0.690596 0.378934
0.693591 0.397227
0.694807 0.414500
0.694514 0.430448
0.693000 0.444833
0.690550 0.457487
0.687447 0.468311
0.683954 0.477264
0.680311 0.484354
0.676726 0.489629
0.673368 0.493157
0.670367 0.495023
0.667809 0.495314
0.665737 0.494113
0.664154 0.491497
0.663024 0.487531
0.662277 0.482270
0.661810 0.475760
0.661494 0.468045
0.661177 0.459166
0.660686 0.449174
0.659837 0.438134
0.658435 0.426130
0.656280 0.413271
0.653175 0.399694
0.648929 0.385566
0.643362 0.371081
0.636318 0.356457
0.627664 0.341926
0.617298 0.327730
0.605161 0.314107
0.591234 0.301284
0.575554 0.289465
0.558206 0.278830
0.539332 0.269525
0.519129 0.261664
0.497841 0.255324
0.475749 0.250551
0.453163 0.247358
0.413535 0.247598
0.392126 0.248564
0.371212 0.250860
0.351004 0.254419
0.331677 0.259157
0.313371 0.264982
0.296190 0.271786
0.280200 0.279446
0.265439 0.287831
0.251914 0.296796
0.239610 0.306184
0.228495 0.315831
0.218521 0.325564
0.209632 0.335205
0.201766 0.344575
0.194857 0.353496
0.188841 0.361794
0.183655 0.369302
0.179243 0.375865
0.175555 0.381341
0.172548 0.385605
0.170190 0.388549
0.168462 0.390088
0.167353 0.390157
0.166870 0.388716
0.167030 0.385753
0.167866 0.381281
0.169424 0.375345
0.171767 0.368018
0.174969 0.359408
0.179119 0.349650
0.184319 0.338911
0.190680 0.327385
0.198323 0.315288
0.207374 0.302853
0.217959 0.290326
0.230201 0.277954
0.244210 0.265983
0.260076 0.254650
0.277858 0.244179
0.297570 0.234774
0.319171 0.226623
0.342552 0.219890
0.367528 0.214723
0.393835 0.211246
0.421128 0.209566
0.448999 0.209772
0.476993 0.211929
0.504633 0.216085
0.531448 0.222260
0.557003 0.230446
0.580916 0.240598
0.602879 0.252634
0.622659 0.266422
0.640102 0.281783
0.655128 0.298487
0.667723 0.316254
0.677929 0.334767
0.685838 0.353675
0.691581 0.372617
0.695323 0.391233
0.697256 0.409184
0.697595 0.426168
0.696572 0.441932
0.694425 0.456276
0.691401 0.469062
0.687743 0.480202
0.683682 0.489664
0.679437 0.497453
0.675203 0.503611
0.671150 0.508203
0.667416 0.511306
0.664111 0.513006
0.661307 0.513389
0.659048 0.512535
0.657344 0.510512
0.656177 0.507382
0.655502 0.503189
0.655251 0.497970
0.655331 0.491750
0.655634 0.484551
0.656034 0.476391
0.656390 0.467291
0.656552 0.457281
0.656361 0.446401
0.655653 0.434712
0.654261 0.422292
0.652023 0.409247
0.648777 0.395702
0.644377 0.381809
0.638684 0.367739
0.631583 0.353678
0.622976 0.339823
0.612795 0.326373
0.601004 0.313522
0.587600 0.301452
0.572621 0.290330
0.556145 0.280301
0.538292 0.271484
0.519225 0.263975
0.499141 0.257840
0.478272 0.253125
0.456871 0.249850
0.435203 0.248014
0.396154 0.250409
0.375879 0.252413
0.356151 0.255641
0.337134 0.260038
0.318965 0.265540
0.301750 0.272072
0.285566 0.279549
0.270462 0.287877
0.256464 0.296951
0.243573 0.306656
0.231775 0.316868
0.221039 0.327455
0.211324 0.338276
0.202578 0.349185
0.194748 0.360031
0.187772 0.370661
0.181590 0.380923
0.176141 0.390666
0.171367 0.399748
0.167212 0.408029
0.163624 0.415382
0.160559 0.421690
0.157978 0.426846
0.155849 0.430758
0.154148 0.433349
0.152862 0.434554
0.151985 0.434326
0.151524 0.432634
0.151494 0.429465
0.151921 0.424827
0.152844 0.418747
0.154310 0.411275
0.156380 0.402486
0.159124 0.392479
0.162622 0.381378
0.166964 0.369332
0.172250 0.356514
0.178585 0.343114
0.186083 0.329341
0.194858 0.315410
0.205027 0.301545
0.216701 0.287968
0.229983 0.274891
0.244960 0.262519
0.261694 0.251040
0.280213 0.240626
0.300505 0.231430
0.322503 0.223587
0.346077 0.217216
0.371035 0.212417
0.397113 0.209280
0.423989 0.207876
0.451287 0.208266
0.478598 0.210496
0.505503 0.214597
0.531592 0.220580
0.556484 0.228437
0.579848 0.238131
0.601415 0.249597
0.620975 0.262730
0.638386 0.277391
0.653568 0.293394
0.666491 0.310516
0.677177 0.328492
0.685686 0.347031
0.692113 0.365820
0.696582 0.384539
0.699240 0.402876
0.700257 0.420539
0.699819 0.437269
0.698124 0.452850
0.695381 0.467112
0.691801 0.479933
0.687600 0.491241
0.682984 0.501004
0.678151 0.509229
0.673284 0.515953
0.668548 0.521236
0.664082 0.525151
0.660005 0.527782
0.656406 0.529214
0.653350 0.529531
0.650876 0.528810
0.648996 0.527117
0.647703 0.524509
0.646965 0.521030
0.646735 0.516712
0.646946 0.511576
0.647516 0.505633
0.648351 0.498892
0.649345 0.491352
0.650380 0.483019
0.651331 0.473899
0.652067 0.464006
0.652451 0.453370
0.652341 0.442030
0.651599 0.430049
0.650084 0.417507
0.647662 0.404503
0.644205 0.391158
0.639596 0.377612
0.633730 0.364016
0.626518 0.350535
0.617893 0.337338
0.607807 0.324591
0.596241 0.312459
0.583205 0.301092
0.568738 0.290629
0.552915 0.281189
0.535842 0.272871
0.517660 0.265756
0.498537 0.259904
0.478669 0.255355
0.458271 0.252132
0.437567 0.250241
0.416787 0.249674
0.378391 0.254288
0.359374 0.257281
0.340942 0.261392
0.323219 0.266579
0.306308 0.272788
0.290287 0.279961
0.275213 0.288030
0.261118 0.296922
0.248019 0.306554
0.235913 0.316835
0.224785 0.327667
0.214608 0.338944
0.205346 0.350552
0.196955 0.362372
0.189388 0.374281
0.182592 0.386150
0.176515 0.397851
0.171100 0.409255
0.166296 0.420236
0.162047 0.430670
0.158303 0.440440
0.155017 0.449435
0.152143 0.457552
0.149641 0.464697
0.147475 0.470784
0.145615 0.475736
0.144036 0.479486
0.142721 0.481977
0.141659 0.483161
0.140845 0.483000
0.140283 0.481465
0.139985 0.478541
0.139971 0.474222
0.140269 0.468519
0.140914 0.461455
0.141951 0.453071
0.143433 0.443426
0.145420 0.432601
0.147980 0.420694
0.151190 0.407827
0.155133 0.394143
0.159897 0.379801
0.165578 0.364979
0.172275 0.349865
0.180091 0.334658
0.189129 0.319556
0.199492 0.304757
0.211277 0.290453
0.224569 0.276822
0.239441 0.264030
0.255944 0.252229
0.274096 0.241550
0.293884 0.232110
0.315246 0.224012
0.338070 0.217342
0.362189 0.212174
0.387381 0.208574
0.413369 0.206594
0.439833 0.206279
0.466421 0.207666
0.492765 0.210780
0.518502 0.215634
0.543286 0.222229
0.566807 0.230547
0.588802 0.240548
0.609056 0.252167
0.627411 0.265311
0.643759 0.279852
0.658042 0.295630
0.670242 0.312449
0.680378 0.330082
0.688503 0.348277
0.694694 0.366761
0.699052 0.385255
0.701696 0.403482
0.702764 0.421178
0.702407 0.438105
0.700790 0.454056
0.698087 0.468860
0.694479 0.482390
0.690151 0.494557
0.685287 0.505313
0.680071 0.514643
0.674674 0.522564
0.669260 0.529116
0.663977 0.534358
0.658953 0.538363
0.654300 0.541211
0.650106 0.542985
0.646441 0.543767
0.643351 0.543635
0.640863 0.542658
0.638986 0.540898
0.637709 0.538404
0.637007 0.535216
0.636841 0.531362
0.637159 0.526858
0.637896 0.521714
0.638978 0.515929
0.640323 0.509498
0.641839 0.502413
0.643428 0.494666
0.644985 0.486251
0.646401 0.477168
0.647561 0.467424
0.648350 0.457040
0.648648 0.446049
0.648338 0.434498
0.647304 0.422455
0.645433 0.410000
0.642617 0.397234
0.638758 0.384270
0.633766 0.371236
0.627564 0.358268
0.620089 0.345509
0.611298 0.333102
0.601162 0.321188
0.589679 0.309902
0.576869 0.299367
0.562776 0.289695
0.547473 0.280984
0.531057 0.273315
0.513654 0.266753
0.495410 0.261348
0.476493 0.257136
0.457085 0.254136
0.437378 0.252359
0.417568 0.251802
0.397845 0.252452
0.360392 0.259365
0.342718 0.263291
0.325651 0.268235
0.309282 0.274160
0.293686 0.281024
0.278919 0.288780
0.265019 0.297374
0.252006 0.306747
0.239890 0.316833
0.228663 0.327560
0.218312 0.338850
0.208812 0.350616
0.200132 0.362768
0.192234 0.375208
0.185080 0.387836
0.178624 0.400545
0.172822 0.413228
0.167625 0.425778
0.162989 0.438084
0.158864 0.450043
0.155205 0.461550
0.151967 0.472508
0.149107 0.482824
0.146582 0.492410
0.144356 0.501188
0.142391 0.509082
0.140655 0.516028
0.139121 0.521966
0.137762 0.526841
0.136561 0.530606
0.135501 0.533220
0.134572 0.534647
0.133771 0.534855
0.133098 0.533818
0.132561 0.531517
0.132173 0.527937
0.131953 0.523074
0.131926 0.516928
0.132125 0.509512
0.132587 0.500849
0.133356 0.490978
0.134481 0.479949
0.136019 0.467834
0.138029 0.454718
0.140580 0.440707
0.143743 0.425926
0.147594 0.410515
0.152216 0.394631
0.157692 0.378441
0.164113 0.362123
0.171567 0.345856
0.180145 0.329820
0.189938 0.314190
0.201028 0.299131
0.213496 0.284796
0.227405 0.271327
0.242805 0.258845
0.259725 0.247462
0.278162 0.237270
0.298083 0.228350
0.319412 0.220770
0.342029 0.214588
0.365770 0.209854
0.390423 0.206608
0.415733 0.204886
0.441413 0.204718
0.467152 0.206127
0.492629 0.209131
0.517526 0.213739
0.541545 0.219949
0.564416 0.227747
0.585905 0.237105
0.605825 0.247974
0.624027 0.260281
0.640409 0.273931
0.654907 0.288798
0.667494 0.304729
0.678172 0.321544
0.686972 0.339037
0.693944 0.356980
0.699161 0.375135
0.702711 0.393256
0.704696 0.411101
0.705232 0.428442
0.704449 0.445068
0.702483 0.460798
0.699482 0.475480
0.695600 0.488998
0.690996 0.501267
0.685830 0.512239
0.680264 0.521893
0.674453 0.530237
0.668547 0.537301
0.662685 0.543133
0.656994 0.547796
0.651586 0.551360
0.646559 0.553903
0.641990 0.555505
0.637943 0.556242
0.634461 0.556190
0.631573 0.555417
0.629291 0.553982
0.627616 0.551938
0.626531 0.549327
0.626012 0.546180
0.626023 0.542519
0.626519 0.538356
0.627445 0.533697
0.628743 0.528538
0.630345 0.522869
0.632177 0.516679
0.634162 0.509951
0.636217 0.502670
0.638254 0.494824
0.640181 0.486402
0.641904 0.477404
0.643325 0.467835
0.644348 0.457712
0.644871 0.447064
0.644798 0.435933
0.644031 0.424376
0.642478 0.412463
0.640049 0.400280
0.636663 0.387922
0.632245 0.375496
0.626730 0.363119
0.620066 0.350909
0.612211 0.338989
0.603140 0.327481
0.592845 0.316500
0.581336 0.306156
0.568642 0.296549
0.554812 0.287768
0.539920 0.279891
0.524056 0.272981
0.507334 0.267093
0.489883 0.262264
0.471849 0.258525
0.453389 0.255893
0.434666 0.254376
0.415846 0.253976
0.397092 0.254684
0.378559 0.256487
0.342318 0.265773
0.325938 0.270609
0.310179 0.276377
0.295109 0.283046
0.280778 0.290581
0.267226 0.298942
0.254476 0.308086
0.242539 0.317962
0.231418 0.328517
0.221103 0.339690
0.211579 0.351415
0.202823 0.363623
0.194809 0.376235
0.187503 0.389171
0.180871 0.402346
0.174876 0.415671
0.169479 0.429054
0.164640 0.442403
0.160318 0.455624
0.156474 0.468626
0.153065 0.481319
0.150053 0.493616
0.147397 0.505437
0.145059 0.516703
0.143003 0.527342
0.141192 0.537290
0.139593 0.546485
0.138174 0.554874
0.136907 0.562408
0.135763 0.569043
0.134721 0.574739
0.133760 0.579462
0.132862 0.583179
0.132015 0.585862
0.131210 0.587485
0.130443 0.588022
0.129712 0.587452
0.129023 0.585754
0.128385 0.582911
0.127810 0.578909
0.127318 0.573735
0.126932 0.567385
0.126679 0.559857
0.126593 0.551159
0.126711 0.541310
0.127074 0.530335
0.127728 0.518278
0.128724 0.505193
0.130115 0.491154
0.131961 0.476250
0.134324 0.460586
0.137269 0.444285
0.140867 0.427486
0.145190 0.410340
0.150315 0.393006
0.156319 0.375649
0.163282 0.358438
0.171283 0.341536
0.180402 0.325102
0.190714 0.309284
0.202290 0.294216
0.215191 0.280022
0.229468 0.266807
0.245151 0.254664
0.262254 0.243671
0.280762 0.233894
0.300628 0.225387
0.321772 0.218196
0.344074 0.212359
0.367374 0.207907
0.391476 0.204868
0.416146 0.203265
0.441126 0.203117
0.466138 0.204441
0.490897 0.207249
0.515123 0.211546
0.538549 0.217332
0.560936 0.224597
0.582073 0.233320
0.601786 0.243463
0.619938 0.254975
0.636427 0.267779
0.651187 0.281781
0.664180 0.296859
0.675398 0.312868
0.684854 0.329641
0.692580 0.346988
0.698627 0.364706
0.703059 0.382580
0.705954 0.400389
0.707400 0.417921
0.707497 0.434969
0.706354 0.451348
0.704089 0.466893
0.700829 0.481468
0.696707 0.494962
0.691860 0.507297
0.686431 0.518423
0.680562 0.528314
0.674395 0.536972
0.668066 0.544417
0.661708 0.550688
0.655442 0.555837
0.649380 0.559927
0.643621 0.563029
0.638249 0.565217
0.633336 0.566565
0.628937 0.567149
0.625095 0.567040
0.621836 0.566304
0.619175 0.565000
0.617117 0.563182
0.615651 0.560892
0.614761 0.558167
0.614422 0.555032
0.614599 0.551506
0.615252 0.547597
0.616337 0.543307
0.617802 0.538631
0.619591 0.533559
0.621645 0.528076
0.623900 0.522163
0.626288 0.515801
0.628739 0.508970
0.631178 0.501653
0.633527 0.493835
0.635708 0.485508
0.637638 0.476668
0.639235 0.467322
0.640413 0.457486
0.641089 0.447186
0.641179 0.436461
0.640602 0.425361
0.639280 0.413948
0.637138 0.402295
0.634106 0.390488
0.630122 0.378617
0.625131 0.366783
0.619086 0.355088
0.611953 0.343640
0.603707 0.332543
0.594338 0.321900
0.583852 0.311807
0.572267 0.302356
0.559620 0.293627
0.545967 0.285692
0.531377 0.278615
0.515940 0.272447
0.499759 0.267229
0.482952 0.262994
0.465648 0.259766
0.447986 0.257559
0.430107 0.256380
0.412156 0.256232
0.394272 0.257110
0.376590 0.259003
0.359234 0.261897
0.324344 0.273649
0.309317 0.279337
0.294910 0.285873
0.281169 0.293231
0.268129 0.301380
0.255813 0.310286
0.244234 0.319913
0.233396 0.330217
0.223296 0.341154
0.213924 0.352672
0.205263 0.364715
0.197293 0.377224
0.189990 0.390134
0.183325 0.403377
0.177270 0.416880
0.171793 0.430568
0.166862 0.444363
0.162443 0.458185
0.158502 0.471957
0.155004 0.485597
0.151916 0.499029
0.149203 0.512178
0.146830 0.524972
0.144765 0.537343
0.142973 0.549228
0.141423 0.560570
0.140083 0.571315
0.138922 0.581416
0.137910 0.590830
0.137021 0.599520
0.136228 0.607452
0.135505 0.614596
0.134831 0.620926
0.134186 0.626420
0.133551 0.631055
0.132913 0.634811
0.132258 0.637671
0.131578 0.639617
0.130869 0.640630
0.130127 0.640693
0.129354 0.639788
0.128556 0.637898
0.127741 0.635004
0.126922 0.631089
0.126116 0.626138
0.125343 0.620136
0.124627 0.613070
0.123994 0.604935
0.123475 0.595727
0.123106 0.585451
0.122922 0.574121
0.122965 0.561762
0.123278 0.548411
0.123907 0.534117
0.124903 0.518946
0.126317 0.502981
0.128205 0.486320
0.130623 0.469075
0.133634 0.451375
0.137300 0.433360
0.141685 0.415176
0.146858 0.396979
0.152887 0.378924
0.159842 0.361163
0.167791 0.343845
0.176803 0.327106
0.186942 0.311073
0.198269 0.295860
0.210835 0.281566
0.224683 0.268274
0.239838 0.256058
0.256312 0.244976
0.274091 0.235077
0.293137 0.226399
0.313384 0.218974
0.334731 0.212828
0.357045 0.207982
0.380161 0.204455
0.403883 0.202261
0.427991 0.201415
0.452244 0.201927
0.476392 0.203808
0.500186 0.207064
0.523383 0.211697
0.545757 0.217705
0.567104 0.225076
0.587251 0.233791
0.606051 0.243818
0.623391 0.255108
0.639187 0.267600
0.653384 0.281210
0.665949 0.295836
0.676872 0.311354
0.686164 0.327621
0.693849 0.344475
0.699967 0.361739
0.704567 0.379225
0.707711 0.396739
0.709470 0.414087
0.709924 0.431082
0.709160 0.447547
0.707275 0.463324
0.704372 0.478275
0.700562 0.492283
0.695961 0.505258
0.690690 0.517135
0.684874 0.527873
0.678639 0.537453
0.672111 0.545876
0.665413 0.553162
0.658665 0.559346
0.651979 0.564474
0.645458 0.568605
0.639197 0.571800
0.633278 0.574130
0.627772 0.575663
0.622737 0.576471
0.618219 0.576624
0.614252 0.576186
0.610858 0.575221
0.608048 0.573783
0.605824 0.571923
0.604180 0.569682
0.603101 0.567095
0.602564 0.564191
0.602544 0.560987
0.603008 0.557496
0.603919 0.553723
0.605236 0.549667
0.606916 0.545321
0.608912 0.540671
0.611174 0.535702
0.613648 0.530394
0.616279 0.524726
0.619010 0.518677
0.621780 0.512225
0.624526 0.505349
0.627182 0.498035
0.629682 0.490270
0.631956 0.482046
0.633935 0.473366
0.635546 0.464236
0.636719 0.454675
0.637383 0.444708
0.637467 0.434373
0.636904 0.423716
0.635627 0.412793
0.633575 0.401671
0.630690 0.390424
0.626921 0.379132
0.622221 0.367882
0.616553 0.356763
0.609888 0.345869
0.602205 0.335289
0.593497 0.325113
0.583765 0.315425
0.573026 0.306305
0.561309 0.297827
0.548657 0.290054
0.535127 0.283044
0.520791 0.276847
0.505733 0.271501
0.490051 0.267041
0.473852 0.263490
0.457250 0.260868
0.440367 0.259185
0.423327 0.258448
0.406254 0.258657
0.389267 0.259810
0.372482 0.261898
0.356004 0.264911
0.339930 0.268834
0.306652 0.283132
0.292935 0.289647
0.279829 0.296938
0.267365 0.304980
0.255563 0.313745
0.244436 0.323203
0.233989 0.333322
0.224221 0.344063
0.215125 0.355387
0.206687 0.367247
0.198893 0.379597
0.191723 0.392382
0.185155 0.405548
0.179165 0.419033
0.173728 0.432775
0.168816 0.446709
0.164403 0.460766
0.160460 0.474878
0.156959 0.488976
0.153870 0.502991
0.151165 0.516855
0.148814 0.530503
0.146789 0.543872
0.145060 0.556902
0.143599 0.569539
0.142377 0.581730
0.141366 0.593431
0.140539 0.604599
0.139867 0.615197
0.139325 0.625193
0.138886 0.634560
0.138526 0.643272
0.138220 0.651309
0.137946 0.658654
0.137684 0.665292
0.137412 0.671208
0.137113 0.676391
0.136772 0.680831
0.136376 0.684516
0.135911 0.687436
0.135371 0.689580
0.134749 0.690936
0.134042 0.691492
0.133249 0.691234
0.132373 0.690146
0.131421 0.688212
0.130401 0.685414
0.129325 0.681733
0.128207 0.677150
0.127067 0.671646
0.125924 0.665200
0.124802 0.657796
0.123727 0.649419
0.122729 0.640056
0.121839 0.629701
0.121090 0.618354
0.120518 0.606024
0.120161 0.592729
0.120060 0.578499
0.120257 0.563377
0.120796 0.547422
0.121723 0.530707
0.123088 0.513320
0.124939 0.495366
0.127331 0.476962
0.130316 0.458238
0.133952 0.439333
0.138297 0.420391
0.143409 0.401560
0.149349 0.382986
0.156178 0.364809
0.163956 0.347162
0.172743 0.330168
0.182594 0.313935
0.193562 0.298559
0.205693 0.284125
0.219021 0.270699
0.233573 0.258339
0.249358 0.247091
0.266367 0.236990
0.284571 0.228065
0.303914 0.220336
0.324316 0.213821
0.345668 0.208533
0.367830 0.204483
0.390639 0.201682
0.413906 0.200136
0.437425 0.199855
0.460976 0.200845
0.484334 0.203112
0.507279 0.206660
0.529597 0.211489
0.551095 0.217596
0.571597 0.224971
0.590952 0.233596
0.609039 0.243443
0.625758 0.254472
0.641037 0.266628
0.654828 0.279841
0.667101 0.294024
0.677846 0.309071
0.687068 0.324859
0.694786 0.341248
0.701031 0.358083
0.705841 0.375199
0.709266 0.392423
0.711363 0.409579
0.712195 0.426494
0.711834 0.443003
0.710359 0.458952
0.707854 0.474203
0.704412 0.488637
0.700129 0.502154
0.695110 0.514680
0.689463 0.526156
0.683298 0.536550
0.676729 0.545846
0.669870 0.554046
0.662833 0.561169
0.655728 0.567245
0.648658 0.572317
0.641721 0.576437
0.635006 0.579661
0.628595 0.582054
0.622555 0.583681
0.616948 0.584609
0.611820 0.584903
0.607211 0.584629
0.603147 0.583849
0.599646 0.582620
0.596716 0.580994
0.594358 0.579019
0.592565 0.576736
0.591322 0.574179
0.590613 0.571375
0.590412 0.568346
0.590693 0.565105
0.591425 0.561660
0.592573 0.558013
0.594102 0.554161
0.595974 0.550094
0.598146 0.545799
0.600579 0.541260
0.603226 0.536456
0.606041 0.531367
0.608977 0.525970
0.611984 0.520241
0.615009 0.514159
0.617998 0.507703
0.620897 0.500856
0.623647 0.493604
0.626190 0.485939
0.628465 0.477856
0.630412 0.469360
0.631970 0.460461
0.633076 0.451178
0.633670 0.441537
0.633693 0.431574
0.633086 0.421333
0.631794 0.410867
0.629765 0.400234
0.626951 0.389503
0.623307 0.378744
0.618796 0.368035
0.613387 0.357454
0.607056 0.347083
0.599785 0.337000
0.591569 0.327286
0.582410 0.318013
0.572321 0.309254
0.561327 0.301074
0.549465 0.293530
0.536782 0.286676
0.523339 0.280557
0.509206 0.275210
0.494466 0.270669
0.479209 0.266958
0.463534 0.264096
0.447545 0.262097
0.431351 0.260971
0.415059 0.260720
0.398778 0.261346
0.382612 0.262846
0.366658 0.265213
0.351008 0.268438
0.335745 0.272509
0.320938 0.277412
0.289428 0.294359
0.276987 0.301677
0.265141 0.309704
0.253909 0.318416
0.243301 0.327788
0.233322 0.337792
0.223970 0.348396
0.215240 0.359567
0.207123 0.371267
0.199604 0.383455
0.192668 0.396087
0.186298 0.409116
0.180473 0.422490
0.175172 0.436157
0.170372 0.450059
0.166052 0.464140
0.162186 0.478339
0.158753 0.492596
0.155727 0.506850
0.153083 0.521040
0.150799 0.535106
0.148849 0.548992
0.147208 0.562643
0.145853 0.576006
0.144758 0.589032
0.143899 0.601678
0.143252 0.613904
0.142793 0.625671
0.142496 0.636950
0.142339 0.647712
0.142297 0.657933
0.142346 0.667594
0.142464 0.676678
0.142628 0.685172
0.142816 0.693065
0.143007 0.700349
0.143181 0.707017
0.143320 0.713063
0.143404 0.718484
0.143419 0.723276
0.143349 0.727433
0.143182 0.730953
0.142908 0.733831
0.142516 0.736060
0.142002 0.737635
0.141361 0.738546
0.140591 0.738783
0.139693 0.738336
0.138672 0.737190
0.137533 0.735331
0.136284 0.732740
0.134939 0.729399
0.133509 0.725287
0.132012 0.720383
0.130467 0.714663
0.128894 0.708104
0.127317 0.700684
0.125761 0.692381
0.124253 0.683175
0.122821 0.673050
0.121497 0.661994
0.120313 0.650002
0.119303 0.637075
0.118501 0.623226
0.117944 0.608477
0.117670 0.592862
0.117719 0.576432
0.118132 0.559249
0.118950 0.541393
0.120217 0.522956
0.121980 0.504048
0.124284 0.484789
0.127178 0.465307
0.130712 0.445741
0.134937 0.426231
0.139906 0.406918
0.145671 0.387940
0.152287 0.369426
0.159806 0.351499
0.168280 0.334267
0.177759 0.317828
0.188289 0.302266
0.199910 0.287650
0.212656 0.274037
0.226550 0.261475
0.241602 0.249998
0.257809 0.239633
0.275149 0.230400
0.293580 0.222313
0.313037 0.215383
0.333430 0.209616
0.354648 0.205020
0.376551 0.201598
0.398981 0.199354
0.421760 0.198295
0.444695 0.198422
0.467587 0.199743
0.490234 0.202258
0.512437 0.205973
0.534010 0.210885
0.554781 0.216993
0.574597 0.224287
0.593326 0.232752
0.610859 0.242365
0.627111 0.253092
0.642016 0.264887
0.655530 0.277690
0.667625 0.291428
0.678289 0.306009
0.687525 0.321327
0.695345 0.337262
0.701772 0.353678
0.706837 0.370429
0.710579 0.387359
0.713044 0.404310
0.714283 0.421121
0.714355 0.437637
0.713323 0.453710
0.711258 0.469204
0.708235 0.483997
0.704337 0.497984
0.699651 0.511081
0.694271 0.523219
0.688292 0.534351
0.681817 0.544447
0.674947 0.553494
0.667787 0.561494
0.660441 0.568464
0.653009 0.574432
0.645588 0.579436
0.638272 0.583522
0.631145 0.586743
0.624286 0.589157
0.617763 0.590825
0.611637 0.591810
0.605957 0.592175
0.600764 0.591983
0.596089 0.591293
0.591955 0.590165
0.588373 0.588652
0.585351 0.586804
0.582886 0.584667
0.580972 0.582278
0.579595 0.579673
0.578738 0.576878
0.578380 0.573916
0.578496 0.570802
0.579059 0.567547
0.580040 0.564155
0.581408 0.560625
0.583130 0.556953
0.585172 0.553127
0.587498 0.549135
0.590072 0.544959
0.592856 0.540581
0.595812 0.535979
0.598898 0.531130
0.602074 0.526011
0.605295 0.520599
0.608516 0.514872
0.611693 0.508811
0.614775 0.502396
0.617714 0.495614
0.620460 0.488455
0.622959 0.480912
0.625160 0.472986
0.627009 0.464684
0.628453 0.456018
0.629437 0.447008
0.629910 0.437682
0.629820 0.428074
0.629117 0.418226
0.627755 0.408188
0.625687 0.398013
0.622874 0.387764
0.619279 0.377505
0.614870 0.367304
0.609621 0.357232
0.603513 0.347362
0.596531 0.337763
0.588672 0.328507
0.579938 0.319659
0.570343 0.311282
0.559908 0.303436
0.548664 0.296173
0.536655 0.289541
0.523932 0.283582
0.510556 0.278333
0.496599 0.273822
0.482140 0.270075
0.467264 0.267112
0.452063 0.264947
0.436632 0.263590
0.421067 0.263047
0.405465 0.263322
0.389920 0.264413
0.374522 0.266318
0.359355 0.269031
0.344499 0.272544
0.330021 0.276846
0.315983 0.281926
0.302438 0.287769
0.564465 0.256713
