0.537721 0.747843
0.581375 0.745759
0.586575 0.745917
0.549012 0.749754
0.497035 0.746642
0.471163 0.740929
0.488820 0.743663
0.547691 0.746773
0.604248 0.740738
0.640335 0.731330
0.648507 0.729335
0.627187 0.737805
0.579091 0.748451
0.516433 0.749967
0.460116 0.739764
0.426471 0.726814
0.420403 0.722692
0.441511 0.730435
0.487268 0.742146
0.559043 0.745306
0.616755 0.736632
0.661902 0.720899
0.690358 0.705799
0.701816 0.698921
0.696606 0.704053
0.673946 0.719210
0.632981 0.737381
0.576197 0.749880
0.512271 0.750644
0.453767 0.739150
0.410391 0.720664
0.385198 0.703627
0.376812 0.695435
0.383613 0.699200
0.405865 0.712808
0.444567 0.729933
0.498009 0.742710
0.571717 0.743281
0.626902 0.732609
0.673020 0.713791
0.707360 0.691370
0.729977 0.670947
0.742234 0.657731
0.745369 0.655198
0.739566 0.664270
0.723726 0.683031
0.695968 0.707017
0.654905 0.730257
0.601494 0.746924
0.540500 0.752941
0.479872 0.746970
0.427573 0.730709
0.388311 0.708503
0.362742 0.686130
0.348952 0.669064
0.344509 0.661043
0.347991 0.663493
0.359611 0.675558
0.380939 0.694328
0.413821 0.715269
0.458743 0.733153
0.513271 0.743397
0.585629 0.740517
0.637052 0.728110
0.681204 0.707663
0.716152 0.681867
0.741817 0.654327
0.759310 0.628986
0.770188 0.609441
0.775857 0.598410
0.777157 0.597465
0.774127 0.606930
0.765951 0.625823
0.751103 0.651798
0.727698 0.681281
0.694100 0.709974
0.649785 0.733658
0.596307 0.748977
0.537768 0.753933
0.480054 0.748087
0.428902 0.732591
0.388031 0.710096
0.358505 0.684359
0.339297 0.659501
0.328308 0.639155
0.323324 0.625874
0.322693 0.620996
0.325719 0.624791
0.332763 0.636625
0.345092 0.654993
0.364504 0.677489
0.392735 0.700937
0.430697 0.721797
0.477670 0.736781
0.530834 0.743439
0.600663 0.736817
0.649016 0.722343
0.690803 0.700063
0.724572 0.671803
0.750209 0.640108
0.768537 0.607955
0.780876 0.578347
0.788685 0.553896
0.793292 0.536579
0.795698 0.527694
0.796428 0.527929
0.795448 0.537429
0.792150 0.555766
0.785404 0.581801
0.773687 0.613547
0.755282 0.648177
0.728572 0.682308
0.692484 0.712522
0.647073 0.735907
0.594101 0.750404
0.537192 0.754929
0.481174 0.749373
0.430713 0.734594
0.389042 0.712416
0.357442 0.685509
0.335499 0.657051
0.321715 0.630195
0.314115 0.607548
0.310743 0.590893
0.310009 0.581195
0.310911 0.578789
0.313144 0.583585
0.317104 0.595158
0.323795 0.612713
0.334676 0.634969
0.351408 0.660068
0.375531 0.685621
0.408045 0.708963
0.448931 0.727519
0.496759 0.739169
0.548626 0.742482
0.616665 0.731959
0.661324 0.715585
0.699969 0.691935
0.731537 0.662291
0.755907 0.628480
0.773643 0.592740
0.785724 0.557467
0.793325 0.524899
0.797670 0.496871
0.799905 0.474707
0.801010 0.459253
0.801708 0.451003
0.802399 0.450228
0.803114 0.457058
0.803498 0.471483
0.802835 0.493264
0.800095 0.521765
0.794013 0.555779
0.783181 0.593414
0.766165 0.632180
0.741680 0.669273
0.708849 0.701996
0.667572 0.728118
0.618929 0.746074
0.565401 0.754979
0.510632 0.754577
0.458644 0.745202
0.412854 0.727792
0.375388 0.703920
0.346943 0.675733
0.327057 0.645747
0.314514 0.616493
0.307715 0.590152
0.304971 0.568305
0.304727 0.551892
0.305716 0.541324
0.307069 0.536668
0.308368 0.537814
0.309655 0.544577
0.311403 0.556702
0.314465 0.573801
0.319993 0.595226
0.329322 0.619954
0.343836 0.646526
0.364774 0.673103
0.392995 0.697641
0.428700 0.718138
0.471151 0.732870
0.518531 0.740540
0.568094 0.740341
0.633446 0.725709
0.674772 0.707183
0.710348 0.681824
0.739403 0.650639
0.761862 0.615083
0.778154 0.576990
0.789025 0.538383
0.795403 0.501234
0.798293 0.467222
0.798720 0.437591
0.797673 0.413133
0.796052 0.394266
0.794621 0.381161
0.793948 0.373871
0.794366 0.372430
0.795938 0.376913
0.798447 0.387447
0.801402 0.404173
0.804072 0.427151
0.805528 0.456213
0.804695 0.490791
0.800405 0.529752
0.791451 0.571350
0.776652 0.613333
0.754950 0.653230
0.725578 0.688713
0.688304 0.717885
0.643738 0.739420
0.593573 0.752540
0.540569 0.756941
0.488135 0.752719
0.439613 0.740362
0.397586 0.720792
0.363519 0.695399
0.337786 0.666022
0.319914 0.634790
0.308874 0.603871
0.303333 0.575172
0.301846 0.550127
0.302999 0.529624
0.305524 0.514062
0.308387 0.503493
0.310842 0.497779
0.312459 0.496725
0.313129 0.500159
0.313046 0.507966
0.312688 0.520060
0.312781 0.536318
0.314255 0.556481
0.318195 0.580042
0.325763 0.606164
0.338113 0.633644
0.356270 0.660971
0.380985 0.686469
0.412545 0.708474
0.450578 0.725512
0.493905 0.736410
0.540541 0.740342
0.587942 0.736825
0.650775 0.717811
0.687864 0.697636
0.719681 0.671364
0.745709 0.639783
0.765904 0.604029
0.780567 0.565555
0.790219 0.526006
0.795517 0.487046
0.797193 0.450155
0.796022 0.416492
0.792798 0.386830
0.788317 0.361582
0.783346 0.340879
0.778598 0.324670
0.774698 0.312815
0.772146 0.305163
0.771289 0.301609
0.772291 0.302127
0.775126 0.306794
0.779567 0.315783
0.785200 0.329346
0.791445 0.347773
0.797583 0.371315
0.802794 0.400078
0.806192 0.433892
0.806858 0.472165
0.803858 0.513794
0.796272 0.557159
0.783216 0.600273
0.763905 0.641035
0.737749 0.677516
0.704513 0.708179
0.664531 0.731949
0.618897 0.748194
0.569544 0.756632
0.519071 0.757257
0.470326 0.750303
0.425874 0.736259
0.387589 0.715914
0.356488 0.690403
0.332808 0.661198
0.316183 0.630013
0.305844 0.598633
0.300779 0.568697
0.299854 0.541518
0.301905 0.517983
0.305811 0.498560
0.310562 0.483369
0.315305 0.472295
0.319382 0.465101
0.322343 0.461524
0.323946 0.461340
0.324155 0.464405
0.323120 0.470664
0.321166 0.480132
0.318782 0.492863
0.316596 0.508889
0.315365 0.528146
0.315935 0.550400
0.319216 0.575176
0.326126 0.601719
0.337540 0.628999
0.354213 0.655779
0.376687 0.680720
0.405172 0.702514
0.439420 0.719997
0.478610 0.732222
0.521328 0.738482
0.565669 0.738304
0.609496 0.731428
0.668381 0.707999
0.702035 0.685644
0.730603 0.657653
0.753748 0.624746
0.771480 0.587950
0.784055 0.548575
0.791884 0.508106
0.795473 0.468052
0.795389 0.429770
0.792237 0.394336
0.786656 0.362478
0.779307 0.334582
0.770872 0.310752
0.762030 0.290893
0.753447 0.274787
0.745740 0.262165
0.739459 0.252763
0.735053 0.246352
0.732853 0.242776
0.733053 0.241957
0.735695 0.243915
0.740667 0.248765
0.747702 0.256722
0.756387 0.268084
0.766178 0.283215
0.776426 0.302513
0.786406 0.326345
0.795350 0.354973
0.802472 0.388434
0.806989 0.426422
0.808131 0.468171
0.805150 0.512419
0.797320 0.557469
0.783959 0.601384
0.764474 0.642248
0.738444 0.678407
0.705759 0.708614
0.666793 0.732054
0.622555 0.748281
0.574758 0.757124
0.525685 0.758617
0.477862 0.752958
0.433636 0.740519
0.394820 0.721896
0.362526 0.697952
0.337183 0.669848
0.318675 0.639007
0.306499 0.607008
0.299897 0.575421
0.297959 0.545627
0.299697 0.518692
0.304099 0.495296
0.310184 0.475758
0.317046 0.460100
0.323895 0.448138
0.330085 0.439577
0.335129 0.434090
0.338701 0.431375
0.340627 0.431198
0.340878 0.433415
0.339550 0.437976
0.336862 0.444921
0.333143 0.454358
0.328829 0.466433
0.324456 0.481282
0.320649 0.498983
0.318110 0.519495
0.317590 0.542597
0.319870 0.567845
0.325720 0.594550
0.335863 0.621792
0.350917 0.648485
0.371332 0.673468
0.397306 0.695606
0.428682 0.713881
0.464862 0.727450
0.504763 0.735661
0.546865 0.738046
0.589362 0.734303
0.630411 0.724285
0.685959 0.695997
0.715611 0.671946
0.740551 0.642910
0.760587 0.609544
0.775761 0.572761
0.786276 0.533706
0.792436 0.493669
0.794608 0.453961
0.793199 0.415777
0.788645 0.380083
0.781413 0.347553
0.771997 0.318570
0.760924 0.293260
0.748750 0.271555
0.736051 0.253253
0.723408 0.238078
0.711389 0.225722
0.700528 0.215884
0.691306 0.208285
0.684132 0.202691
0.679333 0.198923
0.677140 0.196862
0.677683 0.196456
0.680986 0.197726
0.686962 0.200764
0.695413 0.205737
0.706027 0.212880
0.718386 0.222499
0.731977 0.234958
0.746209 0.250663
0.760440 0.270035
0.773999 0.293473
0.786218 0.321283
0.796443 0.353601
0.804050 0.390284
0.808447 0.430818
0.809064 0.474251
0.805355 0.519218
0.796792 0.564058
0.782883 0.607016
0.763212 0.646470
0.737513 0.681098
0.705778 0.709956
0.668390 0.732461
0.626243 0.748318
0.580784 0.757438
0.533921 0.759873
0.487794 0.755782
0.444457 0.745439
0.405589 0.729264
0.372337 0.707869
0.345290 0.682096
0.324565 0.653028
0.309920 0.621941
0.300865 0.590204
0.296748 0.559145
0.296816 0.529919
0.300252 0.503403
0.306218 0.480161
0.313881 0.460453
0.322454 0.444287
0.331223 0.431486
0.339575 0.421761
0.347012 0.414770
0.353160 0.410173
0.357761 0.407664
0.360669 0.406996
0.361833 0.408003
0.361287 0.410600
0.359142 0.414783
0.355577 0.420623
0.350840 0.428255
0.345249 0.437854
0.339187 0.449612
0.333107 0.463709
0.327523 0.480272
0.323003 0.499335
0.320154 0.520799
0.319605 0.544391
0.321984 0.569643
0.327898 0.595893
0.337897 0.622312
0.352440 0.647964
0.371847 0.671874
0.396233 0.693111
0.425448 0.710844
0.459001 0.724381
0.496034 0.733179
0.535342 0.736832
0.575467 0.735060
0.614867 0.727687
0.652094 0.714648
0.703176 0.681526
0.729076 0.655671
0.750568 0.625406
0.767561 0.591373
0.780122 0.554436
0.788422 0.515646
0.792695 0.476165
0.793215 0.437156
0.790280 0.399669
0.784209 0.364554
0.775341 0.332410
0.764048 0.303583
0.750731 0.278193
0.735834 0.256186
0.719831 0.237386
0.703227 0.221535
0.686543 0.208339
0.670297 0.197489
0.654989 0.188686
0.641080 0.181648
0.628983 0.176126
0.619049 0.171905
0.611565 0.168813
0.606750 0.166719
0.604756 0.165544
0.605669 0.165255
0.609508 0.165870
0.616219 0.167463
0.625674 0.170158
0.637661 0.174132
0.651883 0.179617
0.667954 0.186893
0.685405 0.196289
0.703698 0.208177
0.722244 0.222962
0.740428 0.241060
0.757635 0.262875
0.773273 0.288749
0.786786 0.318901
0.797667 0.353342
0.805444 0.391787
0.809683 0.433584
0.809967 0.477687
0.805892 0.522710
0.797067 0.567071
0.783124 0.609181
0.763757 0.647629
0.738784 0.681311
0.708239 0.709463
0.672475 0.731635
0.632261 0.747614
0.588823 0.757353
0.543786 0.760907
0.499003 0.758412
0.456310 0.750073
0.417290 0.736197
0.383113 0.717225
0.354487 0.693779
0.331698 0.666683
0.314698 0.636959
0.303196 0.605774
0.296737 0.574347
0.294752 0.543835
0.296599 0.515228
0.301584 0.489271
0.308988 0.466439
0.318088 0.446948
0.328186 0.430793
0.338632 0.417810
0.348852 0.407720
0.358361 0.400191
0.366772 0.394872
0.373800 0.391424
0.379252 0.389551
0.383017 0.389008
0.385053 0.389618
0.385377 0.391269
0.384052 0.393924
0.381183 0.397609
0.376917 0.402413
0.371440 0.408476
0.364984 0.415978
0.357828 0.425124
0.350300 0.436128
0.342781 0.449183
0.335701 0.464444
0.329530 0.481990
0.324772 0.501795
0.321951 0.523702
0.321595 0.547392
0.324220 0.572385
0.330311 0.598046
0.340300 0.623618
0.354535 0.648274
0.373245 0.671179
0.396491 0.691542
0.424116 0.708665
0.455698 0.721965
0.490517 0.730978
0.527574 0.735353
0.565651 0.734831
0.603432 0.729240
0.639643 0.718481
0.673175 0.702543
0.719677 0.664319
0.741974 0.636633
0.760132 0.605087
0.774129 0.570341
0.784046 0.533242
0.790030 0.494782
0.792266 0.456023
0.790959 0.418004
0.786330 0.381640
0.778612 0.347662
0.768056 0.316575
0.754939 0.288668
0.739575 0.264037
0.722316 0.242625
0.703556 0.224271
0.683732 0.208741
0.663311 0.195767
0.642775 0.185059
0.622607 0.176330
0.603272 0.169302
0.585197 0.163714
0.568761 0.159325
0.554288 0.155921
0.542045 0.153312
0.532244 0.151341
0.525048 0.149880
0.520579 0.148838
0.518923 0.148155
0.520132 0.147813
0.524229 0.147830
0.531200 0.148262
0.540993 0.149206
0.553505 0.150798
0.568572 0.153210
0.585959 0.156655
0.605348 0.161381
0.626339 0.167675
0.648455 0.175856
0.671154 0.186278
0.693852 0.199320
0.715952 0.215380
0.736872 0.234850
0.756065 0.258091
0.773039 0.285382
0.787357 0.316861
0.798636 0.352445
0.806534 0.391756
0.810735 0.434065
0.810935 0.478295
0.806833 0.523086
0.798130 0.566945
0.784544 0.608415
0.765839 0.646235
0.741878 0.679439
0.712703 0.707372
0.678616 0.729657
0.640266 0.746126
0.598689 0.756749
0.555274 0.761585
0.511645 0.760745
0.469466 0.754394
0.430242 0.742757
0.395159 0.726160
0.365021 0.705059
0.340251 0.680083
0.320957 0.652039
0.307008 0.621901
0.298102 0.590748
0.293822 0.559686
0.293666 0.529741
0.297075 0.501781
0.303446 0.476451
0.312146 0.454159
0.322533 0.435086
0.333976 0.419222
0.345878 0.406408
0.357696 0.396387
0.368962 0.388839
0.379291 0.383418
0.388388 0.379780
0.396040 0.377605
0.402112 0.376608
0.406532 0.376553
0.409280 0.377262
0.410374 0.378610
0.409863 0.380536
0.407821 0.383032
0.404341 0.386146
0.399538 0.389974
0.393550 0.394655
0.386544 0.400363
0.378720 0.407296
0.370314 0.415669
0.361607 0.425698
0.352921 0.437580
0.344619 0.451480
0.337100 0.467503
0.330794 0.485672
0.326147 0.505903
0.323612 0.527985
0.323639 0.551568
0.326657 0.576164
0.333062 0.601164
0.343195 0.625871
0.357324 0.649548
0.375612 0.671461
0.398076 0.690930
0.424552 0.707356
0.454653 0.720239
0.487751 0.729179
0.522983 0.733867
0.559305 0.734073
0.595572 0.729629
0.630656 0.720431
0.663542 0.706436
0.693412 0.687683
0.735095 0.644139
0.753757 0.614920
0.768589 0.582449
0.779613 0.547399
0.786912 0.510590
0.790608 0.472942
0.790841 0.435407
0.787761 0.398884
0.781527 0.364147
0.772305 0.331799
0.760276 0.302252
0.745646 0.275731
0.728653 0.252305
0.709578 0.231919
0.688747 0.214427
0.666532 0.199628
0.643348 0.187283
0.619639 0.177141
0.595861 0.168945
0.572465 0.162444
0.549875 0.157394
0.528475 0.153565
0.508597 0.150740
0.490511 0.148719
0.474434 0.147318
0.460527 0.146369
0.448910 0.145728
0.439665 0.145269
0.432854 0.144891
0.428518 0.144519
0.426694 0.144104
0.427412 0.143626
0.430701 0.143096
0.436586 0.142553
0.445087 0.142067
0.456206 0.141736
0.469921 0.141688
0.486172 0.142079
0.504845 0.143087
0.525757 0.144922
0.548644 0.147814
0.573156 0.152019
0.598855 0.157821
0.625232 0.165525
0.651722 0.175462
0.677741 0.187982
0.702709 0.203445
0.726086 0.222209
0.747389 0.244601
0.766201 0.270881
0.782172 0.301185
0.795010 0.335465
0.804466 0.373418
0.810314 0.414436
0.812338 0.457592
0.810320 0.501693
0.804037 0.545383
0.793264 0.587297
0.777797 0.626208
0.757484 0.661126
0.732284 0.691348
0.702330 0.716432
0.668002 0.736154
0.629989 0.750442
0.589303 0.759317
0.547237 0.762855
0.505248 0.761169
0.464796 0.754406
0.427188 0.742761
0.393452 0.726511
0.364294 0.706042
0.340103 0.681883
0.321003 0.654724
0.306914 0.625403
0.297611 0.594871
0.292765 0.564127
0.291977 0.534133
0.294789 0.505739
0.300701 0.479621
0.309175 0.456253
0.319652 0.435903
0.331561 0.418656
0.344342 0.404443
0.357463 0.393083
0.370439 0.384315
0.382852 0.377831
0.394355 0.373302
0.404682 0.370399
0.413640 0.368807
0.421106 0.368242
0.427014 0.368456
0.431344 0.369245
0.434109 0.370450
0.435346 0.371962
0.435109 0.373720
0.433461 0.375709
0.430474 0.377956
0.426225 0.380531
0.420801 0.383538
0.414303 0.387116
0.406848 0.391430
0.398579 0.396665
0.389665 0.403022
0.380310 0.410709
0.370754 0.419928
0.361272 0.430866
0.352178 0.443675
0.343813 0.458463
0.336544 0.475267
0.330754 0.494039
0.326832 0.514629
0.325164 0.536769
0.326123 0.560077
0.330057 0.584060
0.337279 0.608140
0.348051 0.631683
0.362562 0.654037
0.380907 0.674575
0.403055 0.692721
0.428816 0.707976
0.457817 0.719925
0.489486 0.728234
0.523062 0.732642
0.557638 0.732951
0.592224 0.729013
0.625838 0.720728
0.657584 0.708044
0.686718 0.690972
0.712680 0.669603
0.749059 0.620799
0.764138 0.590400
0.775716 0.557397
0.783834 0.522462
0.788570 0.486374
0.790020 0.449969
0.788288 0.414073
0.783479 0.379443
0.775704 0.346709
0.765078 0.316350
0.751733 0.288682
0.735820 0.263872
0.717523 0.241961
0.697070 0.222890
0.674731 0.206532
0.650832 0.192713
0.625742 0.181232
0.599869 0.171874
0.573644 0.164422
0.547500 0.158657
0.521855 0.154372
0.497094 0.151361
0.473548 0.149429
0.451494 0.148391
0.431144 0.148067
0.412654 0.148288
0.396126 0.148895
0.381621 0.149737
0.369166 0.150679
0.358766 0.151595
0.350414 0.152378
0.344099 0.152939
0.339811 0.153207
0.337548 0.153133
0.337318 0.152692
0.339144 0.151883
0.343060 0.150728
0.349113 0.149275
0.357360 0.147595
0.367863 0.145782
0.380679 0.143953
0.395853 0.142241
0.413403 0.140802
0.433308 0.139805
0.455486 0.139436
0.479783 0.139896
0.505958 0.141402
0.533675 0.144187
0.562505 0.148500
0.591941 0.154608
0.621421 0.162797
0.650361 0.173370
0.678187 0.186642
0.704369 0.202933
0.728443 0.222548
0.750021 0.245754
0.768789 0.272741
0.784503 0.303571
0.796967 0.338121
0.806018 0.376032
0.811511 0.416668
0.813298 0.459120
0.811225 0.502263
0.805125 0.544854
0.794827 0.585666
0.780170 0.623608
0.761037 0.657807
0.737389 0.687640
0.709329 0.712716
0.677154 0.732836
0.641411 0.747934
0.602916 0.758026
0.562740 0.763179
0.522126 0.763487
0.482375 0.759061
0.444711 0.750045
0.410166 0.736631
0.379517 0.719087
0.353264 0.697786
0.331664 0.673230
0.314770 0.646060
0.302485 0.617043
0.294603 0.587041
0.290841 0.556947
0.290861 0.527624
0.294275 0.499834
0.300659 0.474192
0.309553 0.451142
0.320470 0.430948
0.332907 0.413714
0.346357 0.399406
0.360327 0.387884
0.374358 0.378933
0.388037 0.372283
0.401014 0.367638
0.413006 0.364689
0.423798 0.363130
0.433242 0.362673
0.441249 0.363051
0.447780 0.364030
0.452833 0.365409
0.456434 0.367027
0.458628 0.368761
0.459469 0.370530
0.459017 0.372287
0.457332 0.374025
0.454472 0.375768
0.450494 0.377575
0.445456 0.379531
0.439419 0.381747
0.432451 0.384358
0.424633 0.387520
0.416064 0.391403
0.406864 0.396191
0.397183 0.402071
0.387199 0.409234
0.377123 0.417860
0.367197 0.428112
0.357694 0.440125
0.348911 0.453990
0.341165 0.469741
0.334786 0.487341
0.330107 0.506668
0.327461 0.527505
0.327167 0.549538
0.329529 0.572360
0.334819 0.595487
0.343276 0.618377
0.355085 0.640465
0.370364 0.661190
0.389143 0.680025
0.411338 0.696497
0.436728 0.710202
0.464938 0.720802
0.495431 0.728029
0.527523 0.731670
0.560415 0.731560
0.593254 0.727575
0.625196 0.719628
0.655466 0.707668
0.683416 0.691696
0.708542 0.671775
0.730494 0.648055
0.761199 0.594202
0.772872 0.562835
0.781330 0.529510
0.786623 0.494896
0.788817 0.459727
0.787986 0.424751
0.784203 0.390676
0.777543 0.358120
0.768082 0.327581
0.755903 0.299423
0.741101 0.273871
0.723798 0.251032
0.704146 0.230915
0.682342 0.213454
0.658628 0.198530
0.633303 0.185989
0.606713 0.175658
0.579246 0.167356
0.551317 0.160899
0.523351 0.156104
0.495758 0.152794
0.468920 0.150797
0.443168 0.149946
0.418774 0.150078
0.395950 0.151036
0.374842 0.152666
0.355540 0.154815
0.338089 0.157338
0.322491 0.160091
0.308722 0.162935
0.296739 0.165738
0.286491 0.168377
0.277919 0.170738
0.270970 0.172720
0.265597 0.174236
0.261764 0.175217
0.259448 0.175611
0.258641 0.175387
0.259350 0.174534
0.261603 0.173064
0.265442 0.171011
0.270927 0.168428
0.278134 0.165392
0.287153 0.161998
0.298083 0.158356
0.311029 0.154595
0.326092 0.150854
0.343359 0.147286
0.362896 0.144053
0.384722 0.141323
0.408802 0.139273
0.435023 0.138090
0.463181 0.137965
0.492972 0.139101
0.523988 0.141712
0.555735 0.146025
0.587650 0.152282
0.619138 0.160741
0.649612 0.171672
0.678524 0.185357
0.705393 0.202073
0.729825 0.222084
0.751508 0.245608
0.770211 0.272783
0.785764 0.303626
0.798043 0.337975
0.806945 0.375453
0.812381 0.415434
0.814251 0.457055
0.812447 0.499270
0.806843 0.540938
0.797307 0.580939
0.783708 0.618276
0.765946 0.652148
0.743979 0.681977
0.717876 0.707393
0.687856 0.728203
0.654341 0.744333
0.617984 0.755795
0.579660 0.762642
0.540428 0.764954
0.501440 0.762822
0.463835 0.756354
0.428635 0.745687
0.396667 0.731006
0.368527 0.712571
0.344585 0.690740
0.325014 0.665988
0.309829 0.638913
0.298929 0.610224
0.292130 0.580707
0.289188 0.551177
0.289810 0.522418
0.293667 0.495128
0.300391 0.469878
0.309583 0.447086
0.320815 0.427018
0.333635 0.409792
0.347582 0.395404
0.362198 0.383752
0.377044 0.374656
0.391716 0.367885
0.405860 0.363175
0.419178 0.360242
0.431438 0.358797
0.442470 0.358557
0.452162 0.359254
0.460456 0.360639
0.467334 0.362491
0.472814 0.364616
0.476936 0.366855
0.479756 0.369082
0.481335 0.371202
0.481739 0.373154
0.481029 0.374908
0.479261 0.376462
0.476487 0.377840
0.472749 0.379091
0.468086 0.380289
0.462535 0.381524
0.456134 0.382908
0.448923 0.384570
0.440955 0.386652
0.432294 0.389309
0.423025 0.392706
0.413254 0.397014
0.403112 0.402406
0.392762 0.409053
0.382391 0.417114
0.372217 0.426732
0.362482 0.438022
0.353450 0.451063
0.345401 0.465884
0.338625 0.482454
0.333414 0.500669
0.330059 0.520350
0.328841 0.541230
0.330027 0.562965
0.333859 0.585143
0.340553 0.607295
0.350285 0.628926
0.363180 0.649533
0.379298 0.668635
0.398613 0.685788
0.420997 0.700603
0.446203 0.712749
0.473849 0.721951
0.503420 0.727991
0.534288 0.730695
0.565739 0.729926
0.597022 0.725579
0.627403 0.717581
0.656214 0.705887
0.682888 0.690497
0.706984 0.671461
0.728186 0.648904
0.746293 0.623041
0.771147 0.564378
0.779519 0.532564
0.784962 0.499456
0.787522 0.465694
0.787252 0.431939
0.784204 0.398831
0.778428 0.366948
0.769973 0.336773
0.758892 0.308680
0.745244 0.282925
0.729105 0.259657
0.710575 0.238932
0.689789 0.220734
0.666924 0.204992
0.642207 0.191595
0.615918 0.180411
0.588384 0.171294
0.559977 0.164093
0.531096 0.158657
0.502148 0.154836
0.473533 0.152486
0.445620 0.151468
0.418731 0.151646
0.393132 0.152887
0.369027 0.155061
0.346558 0.158038
0.325809 0.161689
0.306814 0.165886
0.289566 0.170496
0.274030 0.175388
0.260145 0.180432
0.247838 0.185496
0.237028 0.190452
0.227632 0.195174
0.219571 0.199544
0.212769 0.203451
0.207160 0.206794
0.202688 0.209483
0.199309 0.211445
0.196989 0.212619
0.195711 0.212967
0.195469 0.212463
0.196273 0.211107
0.198149 0.208914
0.201136 0.205921
0.205290 0.202185
0.210681 0.197781
0.217397 0.192801
0.225537 0.187354
0.235215 0.181560
0.246556 0.175553
0.259691 0.169473
0.274751 0.163469
0.291863 0.157694
0.311134 0.152301
0.332643 0.147449
0.356420 0.143295
0.382431 0.139999
0.410560 0.137723
0.440594 0.136634
0.472211 0.136903
0.504988 0.138712
0.538411 0.142253
0.571905 0.147731
0.604867 0.155366
0.636711 0.165390
0.666898 0.178044
0.694969 0.193571
0.720554 0.212204
0.743373 0.234143
0.763230 0.259526
0.779990 0.288395
0.793567 0.320651
0.803899 0.356017
0.810935 0.394005
0.814620 0.433913
0.814887 0.474854
0.811652 0.515822
0.804816 0.555782
0.794272 0.593763
0.779922 0.628937
0.761695 0.660663
0.739582 0.688495
0.713672 0.712159
0.684193 0.731522
0.651549 0.746547
0.616337 0.757256
0.579345 0.763706
0.541515 0.765968
0.503866 0.764123
0.467414 0.758260
0.433078 0.748489
0.401620 0.734956
0.373611 0.717868
0.349427 0.697508
0.329267 0.674258
0.313193 0.648608
0.301157 0.621153
0.293031 0.592573
0.288633 0.563596
0.287737 0.534955
0.290080 0.507335
0.295368 0.481331
0.303275 0.457419
0.313444 0.435941
0.325488 0.417106
0.339002 0.401001
0.353565 0.387609
0.368758 0.376831
0.384176 0.368502
0.399444 0.362415
0.414226 0.358330
0.428240 0.355988
0.441258 0.355125
0.453112 0.355476
0.463690 0.356785
0.472929 0.358811
0.480808 0.361332
0.487341 0.364150
0.492569 0.367093
0.496549 0.370017
0.499347 0.372805
0.501035 0.375369
0.501685 0.377649
0.501360 0.379608
0.500120 0.381236
0.498015 0.382543
0.495084 0.383558
0.491360 0.384330
0.486868 0.384925
0.481627 0.385423
0.475654 0.385918
0.468967 0.386518
0.461587 0.387343
0.453546 0.388523
0.444885 0.390198
0.435661 0.392514
0.425953 0.395623
0.415859 0.399679
0.405505 0.404837
0.395039 0.411242
0.384637 0.419032
0.374497 0.428324
0.364838 0.439211
0.355896 0.451751
0.347921 0.465959
0.341166 0.481799
0.335889 0.499171
0.332343 0.517910
0.330773 0.537784
0.331409 0.558490
0.334464 0.579667
0.340127 0.600910
0.348554 0.621783
0.359862 0.641845
0.374118 0.660664
0.391322 0.677838
0.411394 0.693009
0.434162 0.705863
0.459345 0.716139
0.486551 0.723621
0.515286 0.728137
0.544967 0.729548
0.574955 0.727745
0.604597 0.722644
0.633264 0.714184
0.660390 0.702336
0.685500 0.687100
0.708222 0.668528
0.728285 0.646731
0.745515 0.621900
0.759814 0.594320
0.778543 0.531527
0.783774 0.499682
0.786320 0.467189
0.786219 0.434638
0.783509 0.402603
0.778223 0.371611
0.770396 0.342116
0.760058 0.314477
0.747249 0.288954
0.732015 0.265715
0.714425 0.244841
0.694572 0.226348
0.672589 0.210197
0.648649 0.196310
0.622978 0.184588
0.595851 0.174913
0.567591 0.167161
0.538562 0.161207
0.509148 0.156927
0.479744 0.154202
0.450730 0.152916
0.422457 0.152958
0.395228 0.154220
0.369292 0.156599
0.344835 0.159992
0.321988 0.164294
0.300821 0.169403
0.281359 0.175210
0.263589 0.181607
0.247465 0.188478
0.232920 0.195705
0.219871 0.203167
0.208229 0.210739
0.197899 0.218291
0.188787 0.225698
0.180803 0.232831
0.173860 0.239568
0.167882 0.245789
0.162797 0.251382
0.158544 0.256246
0.155071 0.260288
0.152336 0.263430
0.150306 0.265608
0.148960 0.266771
0.148286 0.266888
0.148284 0.265941
0.148965 0.263933
0.150349 0.260884
0.152471 0.256833
0.155376 0.251836
0.159122 0.245966
0.163779 0.239316
0.169432 0.231992
0.176176 0.224112
0.184122 0.215807
0.193392 0.207219
0.204119 0.198493
0.216446 0.189778
0.230520 0.181227
0.246488 0.172988
0.264490 0.165210
0.284647 0.158036
0.307049 0.151606
0.331736 0.146059
0.358683 0.141527
0.387780 0.138146
0.418816 0.136052
0.451472 0.135387
0.485322 0.136298
0.519849 0.138945
0.554472 0.143498
0.588584 0.150142
0.621594 0.159073
0.652963 0.170499
0.682233 0.184633
0.709041 0.201683
0.733117 0.221834
0.754278 0.245228
0.772409 0.271934
0.787445 0.301914
0.799351 0.334982
0.808104 0.370782
0.813682 0.408764
0.816053 0.448201
0.815166 0.488225
0.810955 0.527897
0.803340 0.566286
0.792232 0.602550
0.777554 0.635989
0.759256 0.666075
0.737345 0.692447
0.711917 0.714894
0.683189 0.733316
0.651532 0.747693
0.617487 0.758055
0.581755 0.764453
0.545174 0.766954
0.508656 0.765626
0.473116 0.760543
0.439398 0.751795
0.408222 0.739495
0.380141 0.723805
0.355544 0.704947
0.334661 0.683226
0.317592 0.659040
0.304336 0.632884
0.294815 0.605340
0.288895 0.577054
0.286404 0.548699
0.287134 0.520934
0.290848 0.494364
0.297283 0.469504
0.306142 0.446757
0.317101 0.426410
0.329811 0.408630
0.343897 0.393484
0.358971 0.380948
0.374646 0.370928
0.390540 0.363275
0.406300 0.357799
0.421606 0.354283
0.436185 0.352491
0.449813 0.352178
0.462324 0.353097
0.473600 0.355006
0.483575 0.357672
0.492223 0.360876
0.499555 0.364420
0.505608 0.368123
0.510439 0.371832
0.514118 0.375416
0.516722 0.378769
0.518330 0.381811
0.519017 0.384482
0.518854 0.386748
0.517901 0.388593
0.516213 0.390018
0.513830 0.391044
0.510784 0.391704
0.507099 0.392046
0.502789 0.392129
0.497861 0.392024
0.492319 0.391812
0.486165 0.391586
0.479402 0.391445
0.472036 0.391499
0.464082 0.391866
0.455564 0.392670
0.446522 0.394043
0.437011 0.396118
0.427106 0.399035
0.416904 0.402930
0.406524 0.407938
0.396108 0.414186
0.385819 0.421788
0.375842 0.430842
0.366378 0.441420
0.357640 0.453565
0.349853 0.467279
0.343244 0.482518
0.338042 0.499185
0.334470 0.517129
0.332744 0.536134
0.333068 0.555933
0.335628 0.576205
0.340592 0.596590
0.348098 0.616702
0.358256 0.636148
0.371129 0.654540
0.386731 0.671514
0.405012 0.686739
0.425843 0.699922
0.449010 0.710816
0.474207 0.719213
0.501035 0.724944
0.529013 0.727871
0.557601 0.727884
0.586224 0.724897
0.614311 0.718842
0.641322 0.709674
0.666782 0.697373
0.690292 0.681950
0.711545 0.663461
0.730317 0.642016
0.746462 0.617795
0.759898 0.591058
0.770591 0.562157
0.783020 0.496052
0.785243 0.464692
0.784987 0.433294
0.782279 0.402371
0.777145 0.372401
0.769605 0.343795
0.759681 0.316886
0.747395 0.291922
0.732780 0.269070
0.715882 0.248422
0.696771 0.230009
0.675546 0.213812
0.652349 0.199778
0.627362 0.187827
0.600820 0.177866
0.573004 0.169793
0.544238 0.163504
0.514878 0.158895
0.485300 0.155868
0.455877 0.154327
0.426967 0.154182
0.398891 0.155347
0.371925 0.157741
0.346289 0.161283
0.322147 0.165897
0.299604 0.171504
0.278718 0.178023
0.259500 0.185370
0.241927 0.193458
0.225947 0.202193
0.211490 0.211474
0.198470 0.221194
0.186794 0.231241
0.176366 0.241494
0.167089 0.251830
0.158867 0.262121
0.151611 0.272236
0.145234 0.282047
0.139657 0.291426
0.134807 0.300249
0.130618 0.308400
0.127033 0.315769
0.123999 0.322255
0.121474 0.327771
0.119422 0.332237
0.117813 0.335588
0.116626 0.337771
0.115849 0.338747
0.115476 0.338491
0.115508 0.336991
0.115956 0.334252
0.116838 0.330292
0.118181 0.325146
0.120020 0.318866
0.122400 0.311518
0.125375 0.303185
0.129009 0.293968
0.133375 0.283981
0.138561 0.273351
0.144661 0.262218
0.151785 0.250728
0.160052 0.239037
0.169593 0.227300
0.180550 0.215676
0.193073 0.204317
0.207317 0.193373
0.223437 0.182985
0.241580 0.173286
0.261877 0.164403
0.284428 0.156453
0.309287 0.149548
0.336442 0.143796
0.365801 0.139303
0.397170 0.136174
0.430248 0.134522
0.464622 0.134463
0.499788 0.136125
0.535169 0.139647
0.570160 0.145181
0.604162 0.152892
0.636629 0.162958
0.667091 0.175563
0.695174 0.190894
0.720603 0.209123
0.743190 0.230396
0.762826 0.254803
0.779452 0.282358
0.793049 0.312960
0.803613 0.346367
0.811145 0.382174
0.815641 0.419810
0.817081 0.458553
0.815427 0.497577
0.810626 0.536017
0.802608 0.573038
0.791301 0.607898
0.776641 0.639993
0.758589 0.668872
0.737157 0.694232
0.712438 0.715896
0.684628 0.733785
0.654059 0.747885
0.621207 0.758227
0.586695 0.764858
0.551266 0.767837
0.515738 0.767223
0.480945 0.763079
0.447673 0.755475
0.416606 0.744502
0.388297 0.730280
0.363146 0.712984
0.341417 0.692850
0.323249 0.670199
0.308683 0.645437
0.297684 0.619054
0.290163 0.591614
0.285989 0.563727
0.285000 0.536014
0.287010 0.509074
0.291802 0.483443
0.299137 0.459574
0.308746 0.437817
0.320331 0.418416
0.333569 0.401513
0.348114 0.387160
0.363604 0.375331
0.379674 0.365939
0.395964 0.358848
0.412136 0.353886
0.427881 0.350854
0.442933 0.349538
0.457072 0.349710
0.470127 0.351139
0.481979 0.353596
0.492554 0.356857
0.501822 0.360708
0.509785 0.364951
0.516477 0.369403
0.521954 0.373903
0.526284 0.378311
0.529549 0.382508
0.531831 0.386399
0.533214 0.389909
0.533779 0.392986
0.533599 0.395596
0.532740 0.397721
0.531257 0.399362
0.529196 0.400531
0.526592 0.401254
0.523469 0.401567
0.519841 0.401517
0.515717 0.401157
0.511095 0.400553
0.505970 0.399773
0.500333 0.398896
0.494175 0.398008
0.487489 0.397202
0.480269 0.396575
0.472518 0.396234
0.464250 0.396289
0.455489 0.396858
0.446274 0.398060
0.436662 0.400018
0.426728 0.402856
0.416568 0.406696
0.406299 0.411655
0.396056 0.417842
0.385995 0.425352
0.376288 0.434266
0.367120 0.444638
0.358688 0.456495
0.351195 0.469829
0.344847 0.484590
0.339849 0.500680
0.336401 0.517954
0.334696 0.536214
0.334913 0.555215
0.337218 0.574666
0.341761 0.594245
0.348666 0.613606
0.358029 0.632394
0.369912 0.650261
0.384333 0.666875
0.401256 0.681931
0.420583 0.695159
0.442142 0.706326
0.465682 0.715234
0.490875 0.721720
0.517318 0.725651
0.544546 0.726916
0.572058 0.725430
0.599340 0.721124
0.625891 0.713945
0.651254 0.703864
0.675030 0.690871
0.696892 0.674991
0.716591 0.656287
0.733945 0.634876
0.748839 0.610936
0.761208 0.584719
0.771024 0.556554
0.778289 0.526842
0.529172 0.748656
