0.375112 0.722729
0.372429 0.728685
0.366834 0.727687
0.362564 0.720286
0.362978 0.712034
0.367675 0.709359
0.373014 0.714196
0.381821 0.726238
0.379873 0.734422
0.374997 0.738788
0.368363 0.738136
0.361762 0.732429
0.357112 0.723008
0.355801 0.712424
0.358171 0.703734
0.363429 0.699460
0.370020 0.700708
0.376198 0.706920
0.380468 0.716250
0.388678 0.729771
0.387370 0.738313
0.383956 0.744770
0.378734 0.748425
0.372249 0.748791
0.365271 0.745685
0.358705 0.739316
0.353458 0.730330
0.350280 0.719797
0.349611 0.709091
0.351506 0.699678
0.355633 0.692854
0.361361 0.689507
0.367906 0.689979
0.374471 0.694060
0.380343 0.701088
0.384943 0.710107
0.387822 0.720031
0.395692 0.733318
0.394816 0.741600
0.392470 0.748644
0.388727 0.754078
0.383747 0.757581
0.377788 0.758899
0.371200 0.757872
0.364410 0.754456
0.357897 0.748753
0.352145 0.741034
0.347601 0.731738
0.344620 0.721466
0.343429 0.710939
0.344097 0.700934
0.346537 0.692204
0.350516 0.685399
0.355693 0.680997
0.361660 0.679259
0.367999 0.680223
0.374311 0.683717
0.380248 0.689402
0.385517 0.696822
0.389877 0.705457
0.393127 0.714766
0.395105 0.724220
0.402869 0.736871
0.402289 0.744688
0.400665 0.751716
0.398008 0.757756
0.394363 0.762625
0.389813 0.766156
0.384483 0.768202
0.378541 0.768647
0.372194 0.767411
0.365685 0.764466
0.359282 0.759839
0.353264 0.753630
0.347906 0.746012
0.343457 0.737238
0.340128 0.727633
0.338074 0.717584
0.337383 0.707523
0.338071 0.697897
0.340081 0.689142
0.343292 0.681651
0.347524 0.675751
0.352562 0.671676
0.358167 0.669562
0.364096 0.669440
0.370122 0.671249
0.376038 0.674839
0.381667 0.680000
0.386859 0.686475
0.391490 0.693978
0.395451 0.702216
0.398648 0.710896
0.400997 0.719738
0.402424 0.728478
0.410216 0.740421
0.409828 0.747892
0.408642 0.754801
0.406652 0.761031
0.403869 0.766469
0.400320 0.771008
0.396054 0.774546
0.391141 0.776986
0.385672 0.778247
0.379765 0.778257
0.373555 0.776968
0.367201 0.774352
0.360873 0.770415
0.354755 0.765193
0.349028 0.758764
0.343872 0.751246
0.339450 0.742800
0.335903 0.733628
0.333343 0.723971
0.331847 0.714096
0.331457 0.704294
0.332170 0.694859
0.333948 0.686081
0.336714 0.678228
0.340359 0.671532
0.344750 0.666183
0.349733 0.662317
0.355150 0.660014
0.360839 0.659298
0.366649 0.660139
0.372441 0.662459
0.378093 0.666140
0.383504 0.671035
0.388586 0.676974
0.393268 0.683776
0.397488 0.691252
0.401191 0.699217
0.404324 0.707490
0.406838 0.715902
0.408687 0.724292
0.409826 0.732511
0.417740 0.743959
0.417505 0.751010
0.416656 0.757652
0.415183 0.763814
0.413083 0.769429
0.410363 0.774429
0.407038 0.778747
0.403137 0.782317
0.398697 0.785078
0.393768 0.786970
0.388415 0.787938
0.382713 0.787935
0.376753 0.786926
0.370636 0.784884
0.364472 0.781800
0.358381 0.777679
0.352486 0.772547
0.346910 0.766454
0.341775 0.759470
0.337194 0.751690
0.333270 0.743235
0.330089 0.734247
0.327721 0.724892
0.326217 0.715350
0.325603 0.705814
0.325886 0.696484
0.327049 0.687560
0.329052 0.679233
0.331837 0.671679
0.335326 0.665055
0.339427 0.659492
0.344039 0.655090
0.349053 0.651920
0.354357 0.650016
0.359844 0.649383
0.365411 0.649996
0.370968 0.651802
0.376431 0.654725
0.381733 0.658671
0.386814 0.663535
0.391628 0.669197
0.396135 0.675537
0.400300 0.682430
0.404092 0.689754
0.407483 0.697392
0.410443 0.705230
0.412942 0.713162
0.414950 0.721090
0.416438 0.728921
0.417377 0.736570
0.425446 0.747475
0.425328 0.754196
0.424715 0.760602
0.423596 0.766647
0.421966 0.772288
0.419823 0.777480
0.417171 0.782178
0.414020 0.786338
0.410385 0.789915
0.406289 0.792864
0.401762 0.795141
0.396842 0.796705
0.391575 0.797517
0.386015 0.797543
0.380224 0.796753
0.374273 0.795124
0.368239 0.792642
0.362205 0.789301
0.356260 0.785107
0.350493 0.780078
0.344995 0.774245
0.339854 0.767654
0.335155 0.760366
0.330975 0.752458
0.327384 0.744022
0.324440 0.735166
0.322192 0.726008
0.320674 0.716681
0.319907 0.707325
0.319899 0.698083
0.320641 0.689103
0.322114 0.680528
0.324282 0.672494
0.327098 0.665130
0.330505 0.658547
0.334434 0.652844
0.338811 0.648097
0.343555 0.644365
0.348585 0.641684
0.353820 0.640071
0.359181 0.639521
0.364593 0.640012
0.369991 0.641504
0.375316 0.643944
0.380516 0.647265
0.385551 0.651394
0.390385 0.656247
0.394991 0.661740
0.399347 0.667782
0.403432 0.674287
0.407229 0.681166
0.410723 0.688335
0.413895 0.695714
0.416727 0.703227
0.419201 0.710802
0.421295 0.718374
0.422987 0.725883
0.424257 0.733270
0.425083 0.740484
0.433341 0.750963
0.433324 0.757229
0.432919 0.763257
0.432116 0.769020
0.430909 0.774491
0.429293 0.779641
0.427267 0.784443
0.424834 0.788869
0.421997 0.792888
0.418765 0.796470
0.415149 0.799585
0.411166 0.802203
0.406835 0.804294
0.402182 0.805829
0.397235 0.806779
0.392030 0.807119
0.386607 0.806825
0.381010 0.805877
0.375290 0.804259
0.369500 0.801959
0.363699 0.798970
0.357949 0.795293
0.352311 0.790934
0.346850 0.785906
0.341630 0.780234
0.336712 0.773947
0.332156 0.767087
0.328017 0.759703
0.324345 0.751856
0.321184 0.743614
0.318573 0.735056
0.316542 0.726266
0.315113 0.717338
0.314301 0.708370
0.314112 0.699463
0.314543 0.690720
0.315584 0.682244
0.317215 0.674136
0.319409 0.666489
0.322131 0.659394
0.325340 0.652931
0.328989 0.647169
0.333024 0.642168
0.337391 0.637976
0.342030 0.634625
0.346884 0.632138
0.351893 0.630523
0.357001 0.629777
0.362156 0.629884
0.367308 0.630820
0.372415 0.632549
0.377438 0.635030
0.382346 0.638214
0.387111 0.642046
0.391711 0.646469
0.396131 0.651422
0.400357 0.656844
0.404376 0.662673
0.408182 0.668847
0.411764 0.675308
0.415115 0.681997
0.418225 0.688860
0.421085 0.695845
0.423683 0.702904
0.426006 0.709990
0.428040 0.717063
0.429770 0.724084
0.431181 0.731017
0.432256 0.737828
0.432981 0.744486
0.441431 0.754412
0.441492 0.760393
0.441229 0.766181
0.440632 0.771760
0.439695 0.777109
0.438414 0.782211
0.436786 0.787046
0.434809 0.791594
0.432484 0.795835
0.429813 0.799747
0.426802 0.803307
0.423457 0.806494
0.419787 0.809284
0.415805 0.811654
0.411527 0.813581
0.406969 0.815042
0.402153 0.816016
0.397105 0.816482
0.391854 0.816420
0.386432 0.815814
0.380876 0.814647
0.375224 0.812908
0.369520 0.810587
0.363809 0.807677
0.358138 0.804179
0.352556 0.800093
0.347114 0.795428
0.341860 0.790197
0.336843 0.784419
0.332112 0.778118
0.327711 0.771328
0.323682 0.764085
0.320064 0.756436
0.316890 0.748432
0.314191 0.740131
0.311992 0.731598
0.310312 0.722901
0.309165 0.714115
0.308559 0.705316
0.308498 0.696583
0.308977 0.687997
0.309989 0.679639
0.311518 0.671585
0.313544 0.663912
0.316042 0.656691
0.318982 0.649987
0.322328 0.643858
0.326041 0.638358
0.330080 0.633529
0.334400 0.629407
0.338955 0.626017
0.343698 0.623375
0.348583 0.621491
0.353565 0.620364
0.358600 0.619984
0.363649 0.620336
0.368675 0.621397
0.373645 0.623136
0.378532 0.625520
0.383311 0.628511
0.387963 0.632065
0.392473 0.636139
0.396828 0.640685
0.401020 0.645658
0.405041 0.651007
0.408886 0.656687
0.412552 0.662651
0.416034 0.668852
0.419328 0.675249
0.422430 0.681798
0.425335 0.688462
0.428034 0.695202
0.430521 0.701984
0.432785 0.708778
0.434817 0.715552
0.436603 0.722280
0.438132 0.728937
0.439392 0.735499
0.440370 0.741946
0.441053 0.748256
0.449719 0.757813
0.449848 0.763427
0.449711 0.768889
0.449300 0.774188
0.448610 0.779310
0.447637 0.784245
0.446378 0.788980
0.444830 0.793501
0.442991 0.797795
0.440863 0.801847
0.438446 0.805642
0.435741 0.809164
0.432754 0.812398
0.429488 0.815325
0.425950 0.817930
0.422148 0.820195
0.418092 0.822102
0.413795 0.823636
0.409271 0.824778
0.404535 0.825513
0.399608 0.825824
0.394512 0.825699
0.389269 0.825123
0.383908 0.824083
0.378457 0.822571
0.372947 0.820577
0.367412 0.818094
0.361887 0.815119
0.356408 0.811651
0.351013 0.807691
0.345739 0.803243
0.340623 0.798317
0.335703 0.792924
0.331015 0.787081
0.326593 0.780808
0.322471 0.774130
0.318678 0.767076
0.315243 0.759681
0.312190 0.751983
0.309542 0.744025
0.307318 0.735854
0.305533 0.727521
0.304199 0.719079
0.303323 0.710586
0.302910 0.702100
0.302961 0.693681
0.303473 0.685389
0.304438 0.677286
0.305847 0.669431
0.307684 0.661880
0.309931 0.654690
0.312568 0.647912
0.315570 0.641592
0.318909 0.635775
0.322555 0.630498
0.326475 0.625792
0.330637 0.621685
0.335003 0.618197
0.339540 0.615342
0.344210 0.613128
0.348978 0.611557
0.353811 0.610627
0.358675 0.610328
0.363541 0.610647
0.368381 0.611566
0.373170 0.613062
0.377886 0.615110
0.382511 0.617682
0.387030 0.620745
0.391430 0.624268
0.395701 0.628216
0.399838 0.632553
0.403834 0.637244
0.407686 0.642253
0.411393 0.647544
0.414953 0.653083
0.418365 0.658836
0.421628 0.664769
0.424742 0.670850
0.427703 0.677051
0.430510 0.683342
0.433157 0.689696
0.435641 0.696089
0.437955 0.702497
0.440092 0.708899
0.442043 0.715275
0.443799 0.721607
0.445352 0.727878
0.446691 0.734072
0.447807 0.740176
0.448690 0.746176
0.449330 0.752059
0.458210 0.761159
0.458396 0.766472
0.458356 0.771661
0.458086 0.776719
0.457580 0.781638
0.456836 0.786410
0.455849 0.791025
0.454618 0.795476
0.453141 0.799752
0.451416 0.803844
0.449443 0.807741
0.447223 0.811432
0.444756 0.814905
0.442044 0.818148
0.439089 0.821149
0.435896 0.823894
0.432469 0.826370
0.428812 0.828564
0.424934 0.830462
0.420842 0.832051
0.416546 0.833318
0.412058 0.834249
0.407390 0.834832
0.402558 0.835055
0.397578 0.834906
0.392469 0.834375
0.387252 0.833451
0.381949 0.832126
0.376584 0.830393
0.371183 0.828244
0.365772 0.825676
0.360380 0.822684
0.355035 0.819269
0.349768 0.815430
0.344607 0.811170
0.339582 0.806495
0.334724 0.801413
0.330059 0.795935
0.325616 0.790074
0.321421 0.783847
0.317499 0.777273
0.313874 0.770378
0.310566 0.763186
0.307595 0.755727
0.304977 0.748035
0.302728 0.740146
0.300860 0.732097
0.299383 0.723931
0.298303 0.715690
0.297626 0.707420
0.297355 0.699167
0.297489 0.690978
0.298024 0.682902
0.298957 0.674986
0.300277 0.667277
0.301976 0.659820
0.304039 0.652660
0.306451 0.645838
0.309194 0.639393
0.312247 0.633362
0.315589 0.627777
0.319195 0.622667
0.323039 0.618058
0.327094 0.613968
0.331332 0.610416
0.335725 0.607413
0.340243 0.604967
0.344859 0.603081
0.349543 0.601755
0.354270 0.600984
0.359012 0.600759
0.363748 0.601070
0.368454 0.601901
0.373111 0.603234
0.377701 0.605050
0.382211 0.607325
0.386626 0.610037
0.390937 0.613159
0.395136 0.616664
0.399218 0.620526
0.403177 0.624717
0.407013 0.629208
0.410723 0.633971
0.414307 0.638979
0.417767 0.644205
0.421102 0.649621
0.424313 0.655201
0.427402 0.660921
0.430368 0.666757
0.433210 0.672687
0.435929 0.678688
0.438520 0.684740
0.440982 0.690825
0.443310 0.696925
0.445499 0.703023
0.447543 0.709105
0.449436 0.715157
0.451170 0.721166
0.452738 0.727121
0.454132 0.733010
0.455343 0.738825
0.456365 0.744555
0.457188 0.750193
0.457805 0.755730
0.466908 0.764441
0.467141 0.769499
0.467181 0.774455
0.467021 0.779302
0.466659 0.784037
0.466091 0.788653
0.465314 0.793145
0.464326 0.797506
0.463125 0.801729
0.461710 0.805808
0.460079 0.809735
0.458233 0.813502
0.456171 0.817100
0.453894 0.820520
0.451401 0.823753
0.448696 0.826790
0.445778 0.829619
0.442652 0.832231
0.439319 0.834616
0.435784 0.836761
0.432051 0.838657
0.428126 0.840292
0.424017 0.841656
0.419730 0.842738
0.415275 0.843527
0.410663 0.844013
0.405905 0.844187
0.401016 0.844038
0.396009 0.843559
0.390902 0.842741
0.385712 0.841577
0.380457 0.840059
0.375159 0.838182
0.369838 0.835941
0.364517 0.833331
0.359219 0.830352
0.353968 0.827000
0.348788 0.823277
0.343703 0.819183
0.338737 0.814723
0.333914 0.809901
0.329257 0.804725
0.324790 0.799205
0.320534 0.793351
0.316510 0.787177
0.312736 0.780700
0.309232 0.773939
0.306014 0.766915
0.303098 0.759651
0.300496 0.752173
0.298221 0.744510
0.296283 0.736692
0.294690 0.728752
0.293449 0.720723
0.292564 0.712642
0.292040 0.704545
0.291876 0.696470
0.292072 0.688456
0.292626 0.680542
0.293532 0.672766
0.294786 0.665167
0.296379 0.657781
0.298300 0.650645
0.300538 0.643794
0.303079 0.637261
0.305908 0.631077
0.309008 0.625269
0.312360 0.619864
0.315944 0.614884
0.319739 0.610349
0.323723 0.606277
0.327873 0.602680
0.332165 0.599569
0.336576 0.596951
0.341081 0.594830
0.345657 0.593207
0.350281 0.592079
0.354931 0.591441
0.359587 0.591286
0.364228 0.591603
0.368837 0.592380
0.373398 0.593602
0.377896 0.595252
0.382318 0.597312
0.386655 0.599764
0.390897 0.602586
0.395038 0.605757
0.399072 0.609256
0.402997 0.613059
0.406810 0.617144
0.410511 0.621488
0.414099 0.626069
0.417575 0.630864
0.420942 0.635850
0.424200 0.641008
0.427353 0.646314
0.430400 0.651750
0.433345 0.657296
0.436188 0.662933
0.438929 0.668643
0.441568 0.674411
0.444104 0.680219
0.446535 0.686053
0.448859 0.691900
0.451071 0.697747
0.453168 0.703581
0.455144 0.709393
0.456995 0.715172
0.458713 0.720909
0.460293 0.726596
0.461728 0.732225
0.463010 0.737790
0.464134 0.743285
0.465092 0.748702
0.465877 0.754038
0.466485 0.759286
0.475815 0.767651
0.476089 0.772451
0.476194 0.777166
0.476128 0.781793
0.475887 0.786327
0.475468 0.790766
0.474870 0.795106
0.474088 0.799341
0.473124 0.803468
0.471974 0.807481
0.470638 0.811376
0.469115 0.815145
0.467404 0.818784
0.465506 0.822286
0.463420 0.825643
0.461147 0.828849
0.458687 0.831895
0.456040 0.834775
0.453208 0.837480
0.450193 0.840002
0.446995 0.842331
0.443619 0.844460
0.440066 0.846379
0.436342 0.848080
0.432449 0.849554
0.428393 0.850791
0.424182 0.851785
0.419821 0.852525
0.415319 0.853004
0.410685 0.853214
0.405930 0.853147
0.401065 0.852796
0.396103 0.852153
0.391058 0.851213
0.385945 0.849969
0.380779 0.848416
0.375577 0.846550
0.370357 0.844365
0.365137 0.841859
0.359936 0.839029
0.354773 0.835873
0.349669 0.832391
0.344642 0.828583
0.339713 0.824451
0.334901 0.819998
0.330226 0.815227
0.325706 0.810145
0.321360 0.804759
0.317205 0.799078
0.313257 0.793113
0.309533 0.786876
0.306047 0.780381
0.302813 0.773644
0.299843 0.766684
0.297149 0.759520
0.294740 0.752174
0.292626 0.744669
0.290814 0.737030
0.289310 0.729284
0.288119 0.721457
0.287245 0.713580
0.286691 0.705681
0.286457 0.697791
0.286544 0.689943
0.286949 0.682166
0.287671 0.674492
0.288704 0.666954
0.290044 0.659581
0.291683 0.652405
0.293613 0.645453
0.295825 0.638755
0.298308 0.632338
0.301049 0.626226
0.304035 0.620443
0.307252 0.615010
0.310682 0.609948
0.314311 0.605272
0.318119 0.600999
0.322088 0.597141
0.326199 0.593708
0.330433 0.590707
0.334770 0.588145
0.339190 0.586024
0.343673 0.584344
0.348201 0.583105
0.352755 0.582302
0.357317 0.581929
0.361870 0.581979
0.366398 0.582442
0.370888 0.583307
0.375327 0.584561
0.379702 0.586190
0.384004 0.588181
0.388225 0.590515
0.392357 0.593177
0.396396 0.596149
0.400337 0.599414
0.404177 0.602952
0.407915 0.606746
0.411551 0.610777
0.415085 0.615027
0.418517 0.619477
0.421851 0.624109
0.425088 0.628905
0.428230 0.633849
0.431280 0.638923
0.434241 0.644111
0.437114 0.649397
0.439901 0.654766
0.442604 0.660204
0.445224 0.665697
0.447761 0.671232
0.450214 0.676797
0.452582 0.682381
0.454863 0.687972
0.457055 0.693561
0.459154 0.699139
0.461158 0.704697
0.463061 0.710228
0.464858 0.715724
0.466545 0.721180
0.468115 0.726590
0.469564 0.731948
0.470885 0.737249
0.472072 0.742490
0.473121 0.747666
0.474025 0.752773
0.474778 0.757809
0.475376 0.762769
0.484933 0.770779
0.485240 0.775325
0.485401 0.779801
0.485413 0.784204
0.485273 0.788532
0.484979 0.792783
0.484530 0.796953
0.483923 0.801041
0.483157 0.805042
0.482231 0.808954
0.481144 0.812773
0.479896 0.816494
0.478485 0.820113
0.476912 0.823626
0.475175 0.827028
0.473275 0.830312
0.471212 0.833475
0.468985 0.836509
0.466596 0.839409
0.464043 0.842168
0.461329 0.844781
0.458453 0.847239
0.455418 0.849536
0.452223 0.851665
0.448871 0.853619
0.445365 0.855391
0.441707 0.856974
0.437900 0.858360
0.433949 0.859542
0.429858 0.860514
0.425632 0.861268
0.421278 0.861799
0.416803 0.862098
0.412214 0.862160
0.407521 0.861979
0.402733 0.861549
0.397860 0.860865
0.392915 0.859920
0.387908 0.858711
0.382854 0.857233
0.377765 0.855482
0.372657 0.853453
0.367544 0.851145
0.362442 0.848554
0.357366 0.845678
0.352333 0.842517
0.347358 0.839069
0.342458 0.835336
0.337649 0.831316
0.332948 0.827014
0.328369 0.822432
0.323929 0.817573
0.319641 0.812444
0.315522 0.807050
0.311583 0.801400
0.307839 0.795502
0.304300 0.789366
0.300980 0.783005
0.297888 0.776432
0.295033 0.769660
0.292426 0.762707
0.290073 0.755589
0.287982 0.748325
0.286159 0.740935
0.284608 0.733440
0.283335 0.725861
0.282342 0.718222
0.281632 0.710546
0.281206 0.702859
0.281065 0.695185
0.281209 0.687549
0.281636 0.679978
0.282343 0.672496
0.283328 0.665130
0.284587 0.657904
0.286114 0.650844
0.287903 0.643974
0.289947 0.637318
0.292237 0.630896
0.294765 0.624732
0.297521 0.618845
0.300492 0.613255
0.303668 0.607977
0.307035 0.603029
0.310579 0.598424
0.314287 0.594174
0.318142 0.590291
0.322130 0.586783
0.326234 0.583657
0.330437 0.580918
0.334725 0.578570
0.339079 0.576614
0.343484 0.575050
0.347924 0.573876
0.352383 0.573089
0.356847 0.572684
0.361302 0.572654
0.365733 0.572992
0.370130 0.573688
0.374481 0.574733
0.378775 0.576115
0.383005 0.577823
0.387162 0.579843
0.391239 0.582162
0.395233 0.584766
0.399138 0.587641
0.402952 0.590773
0.406672 0.594145
0.410299 0.597743
0.413832 0.601553
0.417271 0.605558
0.420618 0.609744
0.423876 0.614097
0.427045 0.618601
0.430129 0.623242
0.433131 0.628007
0.436053 0.632882
0.438898 0.637854
0.441669 0.642909
0.444367 0.648037
0.446995 0.653226
0.449554 0.658463
0.452045 0.663740
0.454468 0.669045
0.456824 0.674370
0.459111 0.679706
0.461328 0.685044
0.463473 0.690377
0.465544 0.695698
0.467537 0.701000
0.469450 0.706277
0.471278 0.711525
0.473018 0.716738
0.474664 0.721911
0.476212 0.727042
0.477657 0.732126
0.478995 0.737159
0.480219 0.742140
0.481326 0.747065
0.482310 0.751933
0.483167 0.756740
0.483892 0.761485
0.484482 0.766165
0.494262 0.773820
0.494598 0.778147
0.494804 0.782415
0.494879 0.786623
0.494819 0.790768
0.494624 0.794850
0.494292 0.798867
0.493822 0.802817
0.493212 0.806697
0.492461 0.810504
0.491570 0.814238
0.490536 0.817893
0.489360 0.821468
0.488041 0.824959
0.486578 0.828362
0.484972 0.831673
0.483223 0.834889
0.481330 0.838004
0.479292 0.841014
0.477111 0.843914
0.474785 0.846699
0.472315 0.849364
0.469702 0.851903
0.466945 0.854311
0.464045 0.856582
0.461003 0.858710
0.457820 0.860690
0.454497 0.862514
0.451035 0.864179
0.447438 0.865676
0.443706 0.867001
0.439844 0.868148
0.435855 0.869111
0.431742 0.869884
0.427511 0.870461
0.423167 0.870838
0.418717 0.871008
0.414166 0.870967
0.409522 0.870710
0.404795 0.870232
0.399992 0.869528
0.395123 0.868595
0.390198 0.867428
0.385229 0.866023
0.380227 0.864377
0.375204 0.862486
0.370172 0.860348
0.365144 0.857961
0.360134 0.855322
0.355154 0.852429
0.350219 0.849282
0.345342 0.845880
0.340537 0.842222
0.335817 0.838311
0.331196 0.834146
0.326687 0.829730
0.322302 0.825066
0.318055 0.820157
0.313957 0.815010
0.310019 0.809628
0.306253 0.804018
0.302669 0.798189
0.299276 0.792149
0.296084 0.785907
0.293101 0.779476
0.290335 0.772866
0.287792 0.766091
0.285480 0.759164
0.283403 0.752102
0.281567 0.744920
0.279976 0.737635
0.278634 0.730265
0.277543 0.722830
0.276705 0.715347
0.276123 0.707838
0.275797 0.700323
0.275728 0.692823
0.275915 0.685358
0.276356 0.677952
0.277050 0.670623
0.277995 0.663395
0.279187 0.656289
0.280623 0.649324
0.282297 0.642523
0.284204 0.635903
0.286337 0.629485
0.288691 0.623287
0.291257 0.617327
0.294026 0.611620
0.296989 0.606183
0.300136 0.601030
0.303456 0.596173
0.306938 0.591625
0.310570 0.587396
0.314339 0.583496
0.318233 0.579931
0.322237 0.576709
0.326338 0.573833
0.330522 0.571309
0.334775 0.569137
0.339083 0.567319
0.343433 0.565853
0.347810 0.564739
0.352202 0.563972
0.356595 0.563548
0.360979 0.563463
0.365340 0.563709
0.369669 0.564278
0.373956 0.565164
0.378192 0.566356
0.382368 0.567844
0.386479 0.569619
0.390517 0.571668
0.394478 0.573981
0.398359 0.576546
0.402155 0.579351
0.405864 0.582383
0.409486 0.585629
0.413020 0.589077
0.416466 0.592715
0.419825 0.596530
0.423098 0.600509
0.426288 0.604640
0.429397 0.608911
0.432427 0.613310
0.435381 0.617824
0.438262 0.622444
0.441072 0.627157
0.443816 0.631953
0.446495 0.636822
0.449111 0.641753
0.451668 0.646738
0.454167 0.651766
0.456608 0.656829
0.458994 0.661918
0.461324 0.667027
0.463599 0.672147
0.465818 0.677272
0.467980 0.682395
0.470084 0.687511
0.472128 0.692613
0.474108 0.697696
0.476023 0.702756
0.477870 0.707790
0.479644 0.712791
0.481341 0.717759
0.482959 0.722689
0.484493 0.727578
0.485938 0.732424
0.487290 0.737226
0.488544 0.741980
0.489698 0.746686
0.490745 0.751341
0.491683 0.755945
0.492507 0.760496
0.493214 0.764993
0.493800 0.769435
0.503804 0.776764
0.504162 0.780875
0.504405 0.784938
0.504532 0.788950
0.504540 0.792911
0.504428 0.796820
0.504195 0.800676
0.503841 0.804477
0.503363 0.808221
0.502762 0.811908
0.502036 0.815535
0.501186 0.819100
0.500211 0.822602
0.499111 0.826036
0.497884 0.829402
0.496532 0.832695
0.495054 0.835913
0.493450 0.839053
0.491719 0.842111
0.489862 0.845083
0.487877 0.847965
0.485766 0.850754
0.483528 0.853445
0.481162 0.856034
0.478669 0.858515
0.476049 0.860886
0.473301 0.863140
0.470426 0.865274
0.467425 0.867281
0.464298 0.869158
0.461045 0.870899
0.457668 0.872500
0.454169 0.873954
0.450548 0.875259
0.446808 0.876408
0.442952 0.877397
0.438983 0.878220
0.434904 0.878875
0.430718 0.879355
0.426432 0.879657
0.422049 0.879776
0.417576 0.879708
0.413019 0.879449
0.408384 0.878995
0.403679 0.878343
0.398912 0.877488
0.394092 0.876428
0.389227 0.875158
0.384327 0.873677
0.379403 0.871981
0.374463 0.870068
0.369520 0.867935
0.364583 0.865580
0.359665 0.863001
0.354776 0.860198
0.349929 0.857168
0.345134 0.853911
0.340403 0.850427
0.335747 0.846715
0.331179 0.842777
0.326708 0.838614
0.322346 0.834228
0.318103 0.829620
0.313990 0.824794
0.310016 0.819754
0.306191 0.814505
0.302523 0.809051
0.299021 0.803399
0.295692 0.797556
0.292545 0.791529
0.289586 0.785328
0.286822 0.778961
0.284257 0.772440
0.281899 0.765775
0.279750 0.758979
0.277816 0.752063
0.276101 0.745043
0.274607 0.737931
0.273337 0.730744
0.272294 0.723496
0.271478 0.716204
0.270893 0.708884
0.270538 0.701554
0.270413 0.694230
0.270518 0.686930
0.270854 0.679673
0.271417 0.672476
0.272208 0.665356
0.273223 0.658332
0.274460 0.651421
0.275915 0.644641
0.277586 0.638009
0.279466 0.631540
0.281551 0.625251
0.283837 0.619158
0.286315 0.613276
0.288980 0.607617
0.291824 0.602196
0.294839 0.597026
0.298016 0.592116
0.301347 0.587478
0.304821 0.583122
0.308428 0.579055
0.312158 0.575286
0.316000 0.571820
0.319942 0.568662
0.323972 0.565817
0.328079 0.563288
0.332251 0.561076
0.336476 0.559182
0.340743 0.557607
0.345038 0.556348
0.349351 0.555404
0.353671 0.554771
0.357987 0.554446
0.362289 0.554423
0.366567 0.554696
0.370811 0.555259
0.375014 0.556106
0.379168 0.557227
0.383266 0.558616
0.387302 0.560263
0.391271 0.562158
0.395167 0.564293
0.398988 0.566657
0.402731 0.569240
0.406393 0.572032
0.409973 0.575023
0.413471 0.578202
0.416886 0.581558
0.420219 0.585081
0.423471 0.588760
0.426643 0.592585
0.429738 0.596545
0.432758 0.600631
0.435706 0.604832
0.438583 0.609138
0.441394 0.613541
0.444140 0.618030
0.446825 0.622597
0.449452 0.627233
0.452024 0.631929
0.454542 0.636678
0.457009 0.641471
0.459427 0.646300
0.461797 0.651160
0.464122 0.656042
0.466400 0.660941
0.468634 0.665850
0.470823 0.670764
0.472967 0.675676
0.475065 0.680583
0.477115 0.685479
0.479116 0.690361
0.481066 0.695224
0.482962 0.700064
0.484803 0.704878
0.486584 0.709664
0.488303 0.714418
0.489957 0.719139
0.491541 0.723824
0.493052 0.728471
0.494486 0.733079
0.495840 0.737646
0.497109 0.742172
0.498291 0.746654
0.499380 0.751093
0.500375 0.755487
0.501270 0.759836
0.502064 0.764138
0.502752 0.768394
0.503333 0.772603
0.513557 0.779604
0.513933 0.783528
0.514206 0.787410
0.514375 0.791251
0.514437 0.795049
0.514391 0.798803
0.514238 0.802513
0.513975 0.806179
0.513603 0.809798
0.513120 0.813371
0.512526 0.816895
0.511822 0.820369
0.511006 0.823791
0.510079 0.827161
0.509040 0.830474
0.507890 0.833731
0.506628 0.836928
0.505254 0.840062
0.503768 0.843131
0.502170 0.846133
0.500459 0.849064
0.498636 0.851921
0.496700 0.854701
0.494652 0.857400
0.492490 0.860014
0.490214 0.862541
0.487825 0.864976
0.485321 0.867315
0.482703 0.869554
0.479971 0.871689
0.477125 0.873716
0.474164 0.875632
0.471089 0.877431
0.467901 0.879109
0.464600 0.880663
0.461187 0.882088
0.457662 0.883379
0.454029 0.884534
0.450288 0.885548
0.446441 0.886416
0.442492 0.887136
0.438443 0.887702
0.434297 0.888112
0.430059 0.888362
0.425733 0.888448
0.421324 0.888367
0.416837 0.888115
0.412277 0.887689
0.407652 0.887086
0.402967 0.886304
0.398230 0.885338
0.393449 0.884187
0.388632 0.882848
0.383786 0.881318
0.378922 0.879595
0.374047 0.877676
0.369171 0.875560
0.364304 0.873245
0.359456 0.870730
0.354635 0.868012
0.349853 0.865091
0.345118 0.861965
0.340442 0.858635
0.335833 0.855101
0.331301 0.851361
0.326856 0.847418
0.322508 0.843271
0.318264 0.838924
0.314135 0.834376
0.310128 0.829632
0.306252 0.824694
0.302514 0.819565
0.298922 0.814251
0.295483 0.808757
0.292203 0.803087
0.289089 0.797248
0.286146 0.791247
0.283379 0.785092
0.280794 0.778792
0.278394 0.772354
0.276184 0.765789
0.274168 0.759108
0.272349 0.752321
0.270730 0.745440
0.269312 0.738476
0.268099 0.731444
0.267092 0.724355
0.266293 0.717223
0.265701 0.710063
0.265319 0.702889
0.265146 0.695715
0.265183 0.688557
0.265429 0.681429
0.265882 0.674346
0.266543 0.667324
0.267410 0.660378
0.268480 0.653523
0.269751 0.646773
0.271221 0.640144
0.272887 0.633650
0.274744 0.627305
0.276789 0.621122
0.279016 0.615115
0.281423 0.609297
0.284001 0.603679
0.286746 0.598273
0.289651 0.593090
0.292710 0.588140
0.295913 0.583432
0.299255 0.578975
0.302725 0.574777
0.306317 0.570844
0.310019 0.567183
0.313823 0.563799
0.317720 0.560696
0.321698 0.557878
0.325748 0.555347
0.329860 0.553106
0.334022 0.551154
0.338226 0.549492
0.342460 0.548119
0.346714 0.547033
0.350979 0.546232
0.355245 0.545714
0.359502 0.545473
0.363742 0.545506
0.367956 0.545807
0.372137 0.546371
0.376277 0.547191
0.380369 0.548261
0.384407 0.549574
0.388387 0.551122
0.392303 0.552897
0.396150 0.554892
0.399927 0.557097
0.403630 0.559503
0.407256 0.562103
0.410805 0.564888
0.414276 0.567848
0.417669 0.570974
0.420983 0.574257
0.424219 0.577688
0.427380 0.581259
0.430466 0.584960
0.433479 0.588783
0.436421 0.592719
0.439296 0.596760
0.442106 0.600897
0.444853 0.605121
0.447540 0.609426
0.450171 0.613804
0.452748 0.618246
0.455274 0.622746
0.457751 0.627296
0.460182 0.631890
0.462570 0.636521
0.464915 0.641184
0.467221 0.645871
0.469487 0.650578
0.471716 0.655298
0.473909 0.660027
0.476064 0.664760
0.478183 0.669492
0.480265 0.674219
0.482310 0.678937
0.484316 0.683643
0.486281 0.688332
0.488205 0.693002
0.490085 0.697650
0.491919 0.702273
0.493705 0.706869
0.495438 0.711436
0.497117 0.715972
0.498739 0.720476
0.500299 0.724946
0.501796 0.729380
0.503225 0.733778
0.504583 0.738140
0.505866 0.742463
0.507072 0.746748
0.508197 0.750995
0.509237 0.755202
0.510191 0.759369
0.511054 0.763497
0.511825 0.767585
0.512501 0.771632
0.513078 0.775638
0.523518 0.782333
0.523910 0.786091
0.524207 0.789814
0.524409 0.793502
0.524515 0.797154
0.524523 0.800770
0.524432 0.804349
0.524244 0.807891
0.523955 0.811395
0.523568 0.814860
0.523080 0.818286
0.522493 0.821671
0.521805 0.825014
0.521017 0.828314
0.520129 0.831569
0.519141 0.834778
0.518053 0.837939
0.516865 0.841051
0.515576 0.844110
0.514188 0.847115
0.512699 0.850063
0.511110 0.852952
0.509420 0.855780
0.507629 0.858543
0.505738 0.861239
0.503745 0.863865
0.501650 0.866417
0.499454 0.868893
0.497155 0.871289
0.494753 0.873601
0.492248 0.875827
0.489639 0.877963
0.486927 0.880005
0.484110 0.881949
0.481189 0.883793
0.478164 0.885532
0.475035 0.887163
0.471802 0.888682
0.468466 0.890086
0.465028 0.891371
0.461488 0.892534
0.457848 0.893571
0.454109 0.894478
0.450273 0.895254
0.446343 0.895893
0.442320 0.896393
0.438209 0.896752
0.434012 0.896965
0.429733 0.897030
0.425377 0.896944
0.420947 0.896705
0.416449 0.896309
0.411889 0.895754
0.407271 0.895037
0.402602 0.894157
0.397889 0.893110
0.393139 0.891894
0.388358 0.890507
0.383554 0.888947
0.378736 0.887212
0.373910 0.885300
0.369086 0.883210
0.364272 0.880939
0.359475 0.878486
0.354705 0.875851
0.349971 0.873031
0.345281 0.870026
0.340643 0.866835
0.336066 0.863458
0.331560 0.859895
0.327131 0.856146
0.322788 0.852211
0.318540 0.848092
0.314393 0.843788
0.310355 0.839303
0.306434 0.834639
0.302635 0.829797
0.298967 0.824781
0.295434 0.819594
0.292044 0.814241
0.288800 0.808726
0.285709 0.803054
0.282776 0.797231
0.280004 0.791264
0.277398 0.785158
0.274962 0.778922
0.272699 0.772563
0.270612 0.766090
0.268705 0.759512
0.266979 0.752839
0.265438 0.746080
0.264082 0.739245
0.262913 0.732347
0.261934 0.725395
0.261144 0.718402
0.260546 0.711380
0.260139 0.704341
0.259923 0.697297
0.259900 0.690261
0.260068 0.683247
0.260427 0.676266
0.260976 0.669333
0.261715 0.662460
0.262642 0.655660
0.263755 0.648946
0.265053 0.642332
0.266533 0.635829
0.268192 0.629450
0.270028 0.623207
0.272038 0.617112
0.274216 0.611176
0.276561 0.605411
0.279066 0.599827
0.281727 0.594434
0.284538 0.589242
0.287495 0.584259
0.290590 0.579495
0.293818 0.574956
0.297171 0.570651
0.300642 0.566585
0.304223 0.562765
0.307907 0.559195
0.311684 0.555880
0.315548 0.552824
0.319488 0.550029
0.323495 0.547498
0.327562 0.545233
0.331678 0.543234
0.335835 0.541502
0.340024 0.540036
0.344234 0.538834
0.348458 0.537896
0.352687 0.537218
0.356912 0.536797
0.361126 0.536631
0.365319 0.536714
0.369486 0.537043
0.373619 0.537612
0.377712 0.538415
0.381758 0.539447
0.385752 0.540702
0.389690 0.542173
0.393567 0.543852
0.397379 0.545734
0.401123 0.547810
0.404797 0.550074
0.408399 0.552518
0.411926 0.555133
0.415379 0.557912
0.418757 0.560848
0.422059 0.563932
0.425287 0.567157
0.428441 0.570515
0.431522 0.573998
0.434533 0.577599
0.437475 0.581309
0.440350 0.585122
0.443161 0.589030
0.445910 0.593026
0.448601 0.597103
0.451235 0.601254
0.453815 0.605473
0.456345 0.609752
0.458827 0.614086
0.461265 0.618468
0.463659 0.622892
0.466013 0.627353
0.468330 0.631845
0.470610 0.636364
0.472856 0.640903
0.475069 0.645458
0.477251 0.650024
0.479402 0.654597
0.481523 0.659173
0.483615 0.663748
0.485677 0.668319
0.487709 0.672880
0.489710 0.677431
0.491679 0.681967
0.493616 0.686486
0.495518 0.690985
0.497385 0.695463
0.499212 0.699916
0.501000 0.704343
0.502744 0.708744
0.504443 0.713115
0.506094 0.717456
0.507693 0.721766
0.509238 0.726043
0.510726 0.730288
0.512153 0.734500
0.513517 0.738677
0.514814 0.742820
0.516042 0.746929
0.517198 0.751002
0.518278 0.755041
0.519280 0.759045
0.520201 0.763014
0.521039 0.766948
0.521792 0.770846
0.522458 0.774710
0.523033 0.778539
0.368544 0.719251
