0.258638 0.426740
0.250264 0.435427
0.249433 0.431986
0.257074 0.418838
0.268137 0.406843
0.273650 0.404763
0.269065 0.413322
0.256462 0.434803
0.245955 0.447849
0.239319 0.454040
0.237707 0.450789
0.241785 0.438666
0.251371 0.421605
0.264574 0.405241
0.277558 0.394275
0.285878 0.390823
0.286702 0.394740
0.280154 0.404787
0.268879 0.419103
0.254244 0.443339
0.243857 0.457649
0.235731 0.468463
0.230242 0.473852
0.227678 0.472564
0.228383 0.464409
0.232729 0.450465
0.240882 0.432974
0.252458 0.414849
0.266248 0.398916
0.280243 0.387206
0.292051 0.380632
0.299564 0.379143
0.301566 0.382180
0.297987 0.389113
0.289789 0.399424
0.278589 0.412568
0.266206 0.427674
0.252021 0.452365
0.242399 0.466780
0.234301 0.479369
0.227823 0.488983
0.222996 0.494615
0.219869 0.495529
0.218574 0.491370
0.219342 0.482267
0.222465 0.468873
0.228212 0.452357
0.236694 0.434266
0.247731 0.416308
0.260756 0.400065
0.274789 0.386748
0.288545 0.377053
0.300629 0.371159
0.309794 0.368843
0.315155 0.369667
0.316315 0.373170
0.313369 0.379006
0.306838 0.386979
0.297547 0.396995
0.286480 0.408936
0.274640 0.422535
0.262922 0.437275
0.249833 0.461891
0.241145 0.475964
0.233583 0.489055
0.227150 0.500482
0.221804 0.509592
0.217494 0.515805
0.214192 0.518650
0.211923 0.517808
0.210778 0.513141
0.210917 0.504728
0.212553 0.492889
0.215923 0.478200
0.221238 0.461463
0.228627 0.443655
0.238084 0.425828
0.249414 0.408994
0.262208 0.394017
0.275847 0.381526
0.289546 0.371880
0.302439 0.365165
0.313681 0.361245
0.322551 0.359830
0.328530 0.360562
0.331339 0.363095
0.330943 0.367159
0.327526 0.372593
0.321448 0.379346
0.313201 0.387442
0.303356 0.396930
0.292518 0.407824
0.281273 0.420046
0.270146 0.433388
0.259563 0.447500
0.247718 0.471928
0.239798 0.485812
0.232798 0.499120
0.226690 0.511401
0.221417 0.522210
0.216903 0.531130
0.213079 0.537782
0.209893 0.541844
0.207328 0.543062
0.205409 0.541264
0.204211 0.536376
0.203855 0.528437
0.204505 0.517618
0.206350 0.504234
0.209587 0.488743
0.214392 0.471735
0.220897 0.453899
0.229153 0.435972
0.239111 0.418682
0.250594 0.402685
0.263291 0.388517
0.276764 0.376556
0.290467 0.367014
0.303795 0.359937
0.316129 0.355226
0.326901 0.352677
0.335636 0.352013
0.341989 0.352935
0.345761 0.355163
0.346895 0.358466
0.345466 0.362691
0.341653 0.367767
0.335727 0.373699
0.328021 0.380549
0.318914 0.388407
0.308810 0.397361
0.298117 0.407462
0.287224 0.418702
0.276479 0.430989
0.266175 0.444146
0.256538 0.457906
0.245719 0.482483
0.238618 0.495981
0.232280 0.509145
0.226670 0.521671
0.221731 0.533258
0.217393 0.543617
0.213583 0.552474
0.210233 0.559580
0.207286 0.564713
0.204704 0.567683
0.202478 0.568336
0.200626 0.566560
0.199202 0.562293
0.198290 0.555530
0.198004 0.546338
0.198484 0.534861
0.199884 0.521328
0.202361 0.506060
0.206068 0.489460
0.211132 0.472001
0.217644 0.454200
0.225641 0.436591
0.235094 0.419687
0.245894 0.403949
0.257850 0.389761
0.270683 0.377407
0.284041 0.367070
0.297513 0.358825
0.310653 0.352649
0.323015 0.348436
0.334180 0.346014
0.343788 0.345163
0.351554 0.345645
0.357280 0.347221
0.360862 0.349678
0.362276 0.352840
0.361576 0.356587
0.358879 0.360854
0.354350 0.365635
0.348196 0.370970
0.340655 0.376937
0.331987 0.383633
0.322466 0.391158
0.312373 0.399593
0.301982 0.408994
0.291553 0.419369
0.281320 0.430677
0.271483 0.442818
0.262201 0.455642
0.253590 0.468945
0.243877 0.493558
0.237485 0.506792
0.231755 0.519820
0.226649 0.532426
0.222115 0.544391
0.218092 0.555505
0.214513 0.565568
0.211310 0.574393
0.208421 0.581804
0.205790 0.587644
0.203374 0.591771
0.201148 0.594061
0.199106 0.594410
0.197263 0.592736
0.195658 0.588983
0.194353 0.583128
0.193434 0.575185
0.193003 0.565216
0.193180 0.553331
0.194095 0.539704
0.195880 0.524567
0.198665 0.508212
0.202568 0.490984
0.207687 0.473269
0.214090 0.455476
0.221808 0.438014
0.230827 0.421274
0.241076 0.405608
0.252430 0.391310
0.264703 0.378611
0.277650 0.367666
0.290979 0.358561
0.304362 0.351309
0.317450 0.345862
0.329897 0.342115
0.341373 0.339919
0.351589 0.339096
0.360306 0.339445
0.367345 0.340765
0.372589 0.342861
0.375982 0.345562
0.377524 0.348727
0.377259 0.352257
0.375274 0.356092
0.371684 0.360217
0.366631 0.364657
0.360278 0.369467
0.352801 0.374729
0.344391 0.380536
0.335247 0.386988
0.325572 0.394173
0.315571 0.402166
0.305441 0.411014
0.295371 0.420733
0.285529 0.431301
0.276060 0.442659
0.267086 0.454710
0.258696 0.467322
0.250949 0.480334
0.242237 0.505151
0.236645 0.517813
0.231609 0.530353
0.227096 0.542621
0.223065 0.554465
0.219465 0.565740
0.216243 0.576306
0.213344 0.586031
0.210712 0.594791
0.208292 0.602468
0.206038 0.608955
0.203906 0.614153
0.201865 0.617971
0.199893 0.620326
0.197982 0.621144
0.196136 0.620362
0.194377 0.617929
0.192742 0.613805
0.191283 0.607972
0.190066 0.600430
0.189170 0.591206
0.188685 0.580360
0.188711 0.567985
0.189351 0.554214
0.190708 0.539222
0.192885 0.523223
0.195977 0.506467
0.200066 0.489236
0.205221 0.471829
0.211488 0.454553
0.218886 0.437711
0.227406 0.421586
0.237002 0.406434
0.247591 0.392469
0.259052 0.379866
0.271222 0.368749
0.283905 0.359196
0.296873 0.351237
0.309875 0.344861
0.322650 0.340015
0.334937 0.336613
0.346486 0.334540
0.357070 0.333658
0.366495 0.333814
0.374605 0.334848
0.381283 0.336600
0.386455 0.338918
0.390086 0.341666
0.392176 0.344728
0.392755 0.348015
0.391879 0.351465
0.389622 0.355048
0.386076 0.358761
0.381343 0.362631
0.375537 0.366703
0.368780 0.371044
0.361200 0.375732
0.352932 0.380851
0.344116 0.386486
0.334895 0.392715
0.325411 0.399606
0.315808 0.407210
0.306220 0.415559
0.296776 0.424661
0.287590 0.434500
0.278762 0.445036
0.270375 0.456204
0.262494 0.467914
0.255162 0.480061
0.248407 0.492519
0.240844 0.517255
0.235880 0.529637
0.231411 0.541936
0.227405 0.554035
0.223827 0.565820
0.220633 0.577182
0.217778 0.588015
0.215215 0.598218
0.212894 0.607697
0.210767 0.616364
0.208787 0.624137
0.206911 0.630936
0.205099 0.636690
0.203319 0.641331
0.201543 0.644795
0.199755 0.647023
0.197945 0.647959
0.196118 0.647553
0.194286 0.645760
0.192476 0.642540
0.190723 0.637865
0.189077 0.631716
0.187596 0.624088
0.186349 0.614993
0.185411 0.604466
0.184866 0.592566
0.184800 0.579380
0.185301 0.565026
0.186458 0.549653
0.188355 0.533441
0.191072 0.516597
0.194680 0.499353
0.199240 0.481954
0.204797 0.464652
0.211379 0.447697
0.218993 0.431329
0.227623 0.415764
0.237225 0.401197
0.247729 0.387787
0.259033 0.375661
0.271007 0.364911
0.283491 0.355591
0.296305 0.347724
0.309246 0.341300
0.322101 0.336280
0.334654 0.332599
0.346692 0.330167
0.358015 0.328879
0.368444 0.328611
0.377824 0.329233
0.386032 0.330605
0.392974 0.332592
0.398589 0.335060
0.402845 0.337886
0.405737 0.340964
0.407284 0.344203
0.407522 0.347535
0.406506 0.350914
0.404299 0.354317
0.400976 0.357744
0.396617 0.361214
0.391309 0.364767
0.385142 0.368457
0.378213 0.372349
0.370620 0.376518
0.362465 0.381039
0.353857 0.385991
0.344902 0.391446
0.335713 0.397469
0.326399 0.404112
0.317069 0.411416
0.307825 0.419404
0.298766 0.428082
0.289977 0.437438
0.281537 0.447441
0.273510 0.458041
0.265945 0.469174
0.258879 0.480759
0.252336 0.492704
0.246325 0.504906
0.239744 0.529857
0.235452 0.541733
0.231588 0.553548
0.228124 0.565216
0.225031 0.576652
0.222275 0.587777
0.219819 0.598513
0.217626 0.608788
0.215654 0.618533
0.213865 0.627683
0.212219 0.636178
0.210676 0.643961
0.209201 0.650978
0.207757 0.657180
0.206315 0.662519
0.204846 0.666948
0.203329 0.670425
0.201747 0.672907
0.200090 0.674353
0.198356 0.674726
0.196550 0.673986
0.194686 0.672100
0.192784 0.669036
0.190875 0.664765
0.188997 0.659265
0.187195 0.652522
0.185523 0.644531
0.184037 0.635298
0.182802 0.624847
0.181886 0.613216
0.181359 0.600465
0.181291 0.586675
0.181755 0.571952
0.182820 0.556422
0.184554 0.540238
0.187019 0.523568
0.190271 0.506599
0.194359 0.489527
0.199322 0.472553
0.205187 0.455877
0.211967 0.439690
0.219661 0.424171
0.228249 0.409479
0.237692 0.395754
0.247930 0.383109
0.258883 0.371633
0.270448 0.361391
0.282504 0.352422
0.294908 0.344740
0.307506 0.338340
0.320131 0.333193
0.332610 0.329254
0.344772 0.326460
0.356448 0.324733
0.367482 0.323982
0.377734 0.324107
0.387082 0.325001
0.395425 0.326549
0.402688 0.328641
0.408815 0.331163
0.413776 0.334011
0.417560 0.337088
0.420172 0.340307
0.421635 0.343597
0.421983 0.346901
0.421259 0.350179
0.419516 0.353409
0.416810 0.356583
0.413201 0.359711
0.408753 0.362817
0.403531 0.365938
0.397603 0.369123
0.391039 0.372426
0.383908 0.375911
0.376287 0.379642
0.368251 0.383685
0.359878 0.388107
0.351251 0.392966
0.342450 0.398318
0.333559 0.404209
0.324660 0.410675
0.315831 0.417741
0.307148 0.425420
0.298681 0.433713
0.290494 0.442605
0.282641 0.452070
0.275170 0.462070
0.268116 0.472554
0.261507 0.483463
0.255362 0.494726
0.249687 0.506267
0.244484 0.518006
0.238984 0.542937
0.235290 0.554393
0.231972 0.565794
0.229007 0.577075
0.226370 0.588172
0.224033 0.599023
0.221965 0.609572
0.220136 0.619762
0.218513 0.629544
0.217063 0.638869
0.215753 0.647691
0.214549 0.655969
0.213419 0.663663
0.212331 0.670736
0.211254 0.677152
0.210161 0.682878
0.209026 0.687882
0.207824 0.692132
0.206538 0.695597
0.205152 0.698247
0.203655 0.700052
0.202042 0.700983
0.200314 0.701008
0.198476 0.700100
0.196541 0.698229
0.194527 0.695367
0.192459 0.691489
0.190369 0.686570
0.188293 0.680593
0.186272 0.673541
0.184353 0.665408
0.182588 0.656195
0.181030 0.645915
0.179735 0.634592
0.178763 0.622266
0.178173 0.608993
0.178023 0.594848
0.178374 0.579923
0.179281 0.564329
0.180799 0.548193
0.182980 0.531660
0.185869 0.514882
0.189506 0.498025
0.193927 0.481253
0.199157 0.464735
0.205212 0.448628
0.212099 0.433086
0.219811 0.418245
0.228329 0.404227
0.237618 0.391137
0.247629 0.379060
0.258295 0.368061
0.269535 0.358188
0.281250 0.349469
0.293328 0.341918
0.305644 0.335528
0.318063 0.330279
0.330444 0.326139
0.342644 0.323060
0.354519 0.320985
0.365934 0.319844
0.376761 0.319560
0.386884 0.320048
0.396205 0.321218
0.404640 0.322974
0.412125 0.325222
0.418611 0.327867
0.424069 0.330814
0.428486 0.333979
0.431861 0.337280
0.434209 0.340647
0.435554 0.344021
0.435927 0.347352
0.435367 0.350606
0.433917 0.353761
0.431625 0.356808
0.428538 0.359748
0.424707 0.362598
0.420181 0.365383
0.415013 0.368138
0.409253 0.370906
0.402954 0.373735
0.396170 0.376679
0.388955 0.379795
0.381366 0.383140
0.373462 0.386773
0.365303 0.390747
0.356952 0.395115
0.348471 0.399922
0.339926 0.405210
0.331381 0.411011
0.322898 0.417349
0.314538 0.424240
0.306358 0.431689
0.298412 0.439692
0.290746 0.448235
0.283403 0.457294
0.276418 0.466837
0.269817 0.476822
0.263622 0.487202
0.257846 0.497920
0.252497 0.508918
0.247575 0.520131
0.243074 0.531493
0.238612 0.556467
0.235463 0.567552
0.232649 0.578580
0.230151 0.589500
0.227946 0.600263
0.226011 0.610820
0.224320 0.621128
0.222848 0.631145
0.221568 0.640830
0.220451 0.650149
0.219471 0.659067
0.218599 0.667553
0.217806 0.675576
0.217066 0.683110
0.216350 0.690127
0.215632 0.696604
0.214887 0.702516
0.214090 0.707841
0.213220 0.712556
0.212257 0.716639
0.211183 0.720068
0.209984 0.722822
0.208649 0.724877
0.207172 0.726211
0.205549 0.726801
0.203783 0.726623
0.201880 0.725652
0.199852 0.723864
0.197713 0.721235
0.195487 0.717741
0.193198 0.713357
0.190876 0.708063
0.188557 0.701840
0.186278 0.694672
0.184082 0.686550
0.182012 0.677470
0.180116 0.667435
0.178442 0.656460
0.177040 0.644570
0.175960 0.631804
0.175253 0.618212
0.174970 0.603861
0.175157 0.588834
0.175864 0.573226
0.177136 0.557149
0.179014 0.540726
0.181537 0.524088
0.184742 0.507374
0.188657 0.490728
0.193307 0.474292
0.198710 0.458203
0.204877 0.442594
0.211809 0.427586
0.219499 0.413289
0.227929 0.399799
0.237068 0.387196
0.246874 0.375546
0.257294 0.364902
0.268259 0.355298
0.279688 0.346758
0.291491 0.339291
0.303564 0.332892
0.315795 0.327549
0.328066 0.323234
0.340255 0.319913
0.352240 0.317542
0.363900 0.316066
0.375120 0.315426
0.385792 0.315555
0.395820 0.316379
0.405121 0.317820
0.413622 0.319798
0.421268 0.322229
0.428016 0.325031
0.433840 0.328122
0.438725 0.331424
0.442668 0.334863
0.445677 0.338371
0.447771 0.341889
0.448974 0.345365
0.449316 0.348757
0.448834 0.352035
0.447564 0.355177
0.445548 0.358173
0.442827 0.361021
0.439441 0.363731
0.435432 0.366321
0.430840 0.368816
0.425708 0.371250
0.420074 0.373661
0.413979 0.376093
0.407465 0.378593
0.400573 0.381211
0.393345 0.383998
0.385827 0.387004
0.378065 0.390280
0.370106 0.393873
0.362001 0.397827
0.353799 0.402184
0.345552 0.406977
0.337312 0.412236
0.329130 0.417985
0.321057 0.424237
0.313140 0.431003
0.305424 0.438283
0.297950 0.446069
0.290755 0.454346
0.283872 0.463093
0.277327 0.472281
0.271141 0.481874
0.265331 0.491831
0.259908 0.502108
0.254876 0.512654
0.250237 0.523418
0.245986 0.534345
0.242115 0.545380
0.238678 0.570414
0.236054 0.581069
0.233727 0.591663
0.231680 0.602156
0.229895 0.612507
0.228351 0.622682
0.227027 0.632646
0.225902 0.642368
0.224954 0.651817
0.224161 0.660967
0.223498 0.669791
0.222944 0.678268
0.222474 0.686374
0.222066 0.694090
0.221695 0.701396
0.221339 0.708274
0.220974 0.714708
0.220578 0.720682
0.220131 0.726178
0.219610 0.731183
0.218998 0.735680
0.218277 0.739655
0.217430 0.743092
0.216445 0.745974
0.215311 0.748287
0.214018 0.750014
0.212563 0.751135
0.210943 0.751635
0.209161 0.751492
0.207220 0.750688
0.205132 0.749201
0.202909 0.747011
0.200567 0.744096
0.198129 0.740434
0.195617 0.736003
0.193059 0.730784
0.190486 0.724757
0.187933 0.717905
0.185434 0.710215
0.183028 0.701677
0.180754 0.692288
0.178654 0.682051
0.176770 0.670977
0.175144 0.659086
0.173819 0.646407
0.172837 0.632984
0.172239 0.618870
0.172067 0.604132
0.172361 0.588849
0.173157 0.573110
0.174493 0.557018
0.176401 0.540681
0.178914 0.524217
0.182057 0.507745
0.185856 0.491389
0.190330 0.475269
0.195495 0.459503
0.201358 0.444199
0.207924 0.429462
0.215187 0.415382
0.223136 0.402041
0.231750 0.389508
0.240999 0.377840
0.250843 0.367083
0.261231 0.357269
0.272104 0.348423
0.283391 0.340556
0.295013 0.333671
0.306881 0.327761
0.318900 0.322813
0.330969 0.318802
0.342986 0.315700
0.354844 0.313469
0.366441 0.312066
0.377676 0.311442
0.388455 0.311541
0.398692 0.312304
0.408308 0.313666
0.417237 0.315562
0.425424 0.317919
0.432825 0.320668
0.439407 0.323736
0.445149 0.327053
0.450042 0.330551
0.454084 0.334164
0.457283 0.337832
0.459656 0.341499
0.461222 0.345118
0.462009 0.348647
0.462047 0.352053
0.461368 0.355311
0.460007 0.358405
0.457999 0.361324
0.455378 0.364070
0.452180 0.366649
0.448440 0.369076
0.444189 0.371370
0.439462 0.373559
0.434289 0.375674
0.428702 0.377751
0.422732 0.379830
0.416410 0.381951
0.409768 0.384158
0.402839 0.386497
0.395656 0.389011
0.388254 0.391744
0.380670 0.394738
0.372942 0.398035
0.365110 0.401670
0.357214 0.405678
0.349296 0.410088
0.341398 0.414925
0.333561 0.420208
0.325826 0.425952
0.318233 0.432165
0.310819 0.438849
0.303620 0.446001
0.296666 0.453610
0.289986 0.461661
0.283605 0.470134
0.277543 0.479001
0.271816 0.488232
0.266436 0.497792
0.261411 0.507641
0.256745 0.517740
0.252437 0.528044
0.248484 0.538509
0.244880 0.549089
0.241615 0.559739
0.239231 0.584734
0.237106 0.594920
0.235242 0.605037
0.233627 0.615054
0.232242 0.624942
0.231072 0.634673
0.230100 0.644221
0.229308 0.653563
0.228678 0.662675
0.228192 0.671539
0.227830 0.680135
0.227574 0.688445
0.227405 0.696455
0.227304 0.704149
0.227250 0.711513
0.227225 0.718536
0.227209 0.725204
0.227183 0.731507
0.227128 0.737433
0.227025 0.742972
0.226855 0.748114
0.226601 0.752848
0.226246 0.757164
0.225775 0.761052
0.225173 0.764501
0.224427 0.767500
0.223527 0.770037
0.222463 0.772101
0.221228 0.773679
0.219818 0.774757
0.218232 0.775322
0.216470 0.775358
0.214535 0.774848
0.212436 0.773777
0.210181 0.772127
0.207785 0.769878
0.205261 0.767013
0.202630 0.763511
0.199914 0.759353
0.197135 0.754519
0.194321 0.748991
0.191500 0.742750
0.188703 0.735781
0.185962 0.728070
0.183311 0.719607
0.180783 0.710387
0.178415 0.700407
0.176242 0.689674
0.174299 0.678201
0.172622 0.666007
0.171247 0.653122
0.170209 0.639587
0.169541 0.625450
0.169278 0.610771
0.169450 0.595620
0.170090 0.580076
0.171226 0.564226
0.172885 0.548165
0.175093 0.531993
0.177874 0.515814
0.181248 0.499732
0.185232 0.483851
0.189841 0.468272
0.195085 0.453090
0.200969 0.438395
0.207495 0.424269
0.214658 0.410785
0.222447 0.398007
0.230843 0.385989
0.239823 0.374775
0.249353 0.364400
0.259393 0.354892
0.269894 0.346267
0.280799 0.338536
0.292043 0.331702
0.303554 0.325760
0.315255 0.320700
0.327061 0.316505
0.338887 0.313153
0.350643 0.310616
0.362239 0.308862
0.373588 0.307853
0.384603 0.307548
0.395205 0.307900
0.405320 0.308858
0.414880 0.310371
0.423827 0.312379
0.432112 0.314826
0.439695 0.317649
0.446545 0.320788
0.452641 0.324181
0.457971 0.327767
0.462530 0.331487
0.466322 0.335286
0.469357 0.339111
0.471650 0.342914
0.473222 0.346652
0.474096 0.350288
0.474300 0.353791
0.473863 0.357137
0.472814 0.360307
0.471184 0.363291
0.469004 0.366083
0.466304 0.368686
0.463114 0.371106
0.459461 0.373357
0.455374 0.375456
0.450878 0.377427
0.445998 0.379296
0.440759 0.381093
0.435185 0.382852
0.429299 0.384607
0.423125 0.386395
0.416687 0.388255
0.410009 0.390225
0.403118 0.392344
0.396041 0.394650
0.388804 0.397179
0.381438 0.399967
0.373973 0.403047
0.366442 0.406449
0.358878 0.410200
0.351313 0.414326
0.343782 0.418844
0.336319 0.423773
0.328958 0.429122
0.321730 0.434900
0.314668 0.441108
0.307799 0.447744
0.301151 0.454801
0.294748 0.462267
0.288611 0.470126
0.282759 0.478357
0.277206 0.486936
0.271964 0.495836
0.267043 0.505026
0.262446 0.514473
0.258177 0.524141
0.254234 0.533995
0.250615 0.543997
0.247314 0.554109
0.244323 0.564293
0.241633 0.574514
0.240323 0.599379
0.238656 0.609127
0.237222 0.618798
0.236009 0.628368
0.235002 0.637814
0.234187 0.647115
0.233550 0.656251
0.233076 0.665204
0.232751 0.673958
0.232559 0.682497
0.232484 0.690807
0.232511 0.698877
0.232625 0.706694
0.232809 0.714248
0.233048 0.721529
0.233324 0.728528
0.233623 0.735236
0.233926 0.741647
0.234219 0.747751
0.234483 0.753543
0.234704 0.759014
0.234864 0.764158
0.234948 0.768969
0.234941 0.773439
0.234827 0.777562
0.234592 0.781330
0.234224 0.784736
0.233709 0.787772
0.233038 0.790430
0.232201 0.792702
0.231189 0.794579
0.229997 0.796050
0.228622 0.797106
0.227060 0.797734
0.225312 0.797923
0.223382 0.797660
0.221274 0.796932
0.218995 0.795723
0.216557 0.794018
0.213970 0.791801
0.211251 0.789055
0.208416 0.785762
0.205485 0.781904
0.202480 0.777463
0.199423 0.772420
0.196340 0.766759
0.193257 0.760461
0.190203 0.753512
0.187205 0.745897
0.184294 0.737606
0.181499 0.728630
0.178852 0.718965
0.176383 0.708613
0.174122 0.697580
0.172101 0.685879
0.170348 0.673531
0.168895 0.660562
0.167770 0.647010
0.167000 0.632920
0.166615 0.618345
0.166639 0.603346
0.167099 0.587995
0.168018 0.572368
0.169420 0.556547
0.171326 0.540620
0.173756 0.524677
0.176727 0.508810
0.180256 0.493110
0.184355 0.477665
0.189035 0.462561
0.194304 0.447877
0.200166 0.433689
0.206620 0.420061
0.213662 0.407055
0.221282 0.394722
0.229465 0.383104
0.238192 0.372239
0.247434 0.362154
0.257159 0.352871
0.267327 0.344403
0.277890 0.336761
0.288796 0.329945
0.299985 0.323954
0.311391 0.318780
0.322946 0.314411
0.334576 0.310829
0.346203 0.308015
0.357750 0.305943
0.369139 0.304584
0.380292 0.303907
0.391137 0.303874
0.401602 0.304448
0.411623 0.305584
0.421141 0.307237
0.430104 0.309360
0.438466 0.311900
0.446192 0.314807
0.453252 0.318026
0.459626 0.321503
0.465298 0.325185
0.470264 0.329018
0.474522 0.332952
0.478080 0.336935
0.480947 0.340923
0.483140 0.344873
0.484679 0.348746
0.485585 0.352508
0.485883 0.356131
0.485599 0.359590
0.484761 0.362868
0.483396 0.365952
0.481532 0.368834
0.479196 0.371513
0.476413 0.373990
0.473210 0.376275
0.469610 0.378378
0.465636 0.380317
0.461310 0.382111
0.456653 0.383784
0.451683 0.385361
0.446420 0.386870
0.440882 0.388343
0.435088 0.389810
0.429055 0.391306
0.422802 0.392863
0.416347 0.394516
0.409712 0.396299
0.402915 0.398244
0.395980 0.400385
0.388930 0.402752
0.381788 0.405375
0.374581 0.408282
0.367334 0.411497
0.360076 0.415044
0.352834 0.418941
0.345637 0.423206
0.338512 0.427851
0.331488 0.432886
0.324593 0.438316
0.317851 0.444144
0.311289 0.450367
0.304929 0.456980
0.298791 0.463974
0.292895 0.471334
0.287258 0.479046
0.281892 0.487087
0.276809 0.495438
0.272017 0.504071
0.267523 0.512959
0.263330 0.522074
0.259439 0.531384
0.255849 0.540859
0.252556 0.550466
0.249556 0.560173
0.246841 0.569949
0.244404 0.579762
0.242235 0.589582
0.242005 0.614291
0.240772 0.623564
0.239744 0.632754
0.238911 0.641841
0.238261 0.650808
0.237782 0.659639
0.237463 0.668319
0.237290 0.676835
0.237252 0.685174
0.237336 0.693326
0.237529 0.701281
0.237819 0.709029
0.238194 0.716564
0.238639 0.723876
0.239142 0.730960
0.239690 0.737808
0.240268 0.744417
0.240865 0.750780
0.241465 0.756891
0.242055 0.762747
0.242622 0.768343
0.243150 0.773675
0.243626 0.778737
0.244036 0.783526
0.244367 0.788037
0.244604 0.792266
0.244734 0.796208
0.244744 0.799858
0.244623 0.803212
0.244360 0.806264
0.243942 0.809008
0.243361 0.811439
0.242609 0.813550
0.241678 0.815334
0.240563 0.816784
0.239260 0.817892
0.237766 0.818649
0.236080 0.819046
0.234205 0.819072
0.232143 0.818717
0.229900 0.817970
0.227483 0.816817
0.224901 0.815245
0.222166 0.813241
0.219291 0.810790
0.216291 0.807875
0.213183 0.804482
0.209986 0.800594
0.206720 0.796194
0.203406 0.791264
0.200068 0.785788
0.196729 0.779751
0.193414 0.773135
0.190147 0.765928
0.186956 0.758116
0.183866 0.749690
0.180904 0.740642
0.178095 0.730967
0.175467 0.720668
0.173044 0.709748
0.170854 0.698217
0.168921 0.686094
0.167269 0.673400
0.165924 0.660165
0.164907 0.646427
0.164243 0.632231
0.163953 0.617629
0.164057 0.602678
0.164578 0.587443
0.165533 0.571996
0.166942 0.556409
0.168820 0.540762
0.171185 0.525133
0.174051 0.509602
0.177431 0.494249
0.181335 0.479150
0.185774 0.464378
0.190753 0.450003
0.196276 0.436089
0.202346 0.422692
0.208960 0.409865
0.216111 0.397652
0.223789 0.386092
0.231981 0.375217
0.240667 0.365052
0.249822 0.355618
0.259416 0.346930
0.269415 0.338996
0.279777 0.331822
0.290457 0.325409
0.301403 0.319752
0.312559 0.314845
0.323865 0.310677
0.335258 0.307234
0.346671 0.304500
0.358037 0.302453
0.369288 0.301071
0.380356 0.300327
0.391175 0.300194
0.401681 0.300637
0.411816 0.301625
0.421524 0.303118
0.430755 0.305077
0.439466 0.307461
0.447619 0.310225
0.455183 0.313325
0.462134 0.316713
0.468452 0.320343
0.474126 0.324167
0.479151 0.328138
0.483526 0.332210
0.487255 0.336338
0.490348 0.340481
0.492818 0.344598
0.494680 0.348652
0.495955 0.352611
0.496664 0.356444
0.496830 0.360128
0.496477 0.363640
0.495629 0.366965
0.494312 0.370091
0.492550 0.373010
0.490368 0.375718
0.487789 0.378218
0.484835 0.380514
0.481528 0.382615
0.477888 0.384532
0.473934 0.386283
0.469683 0.387884
0.465152 0.389356
0.460356 0.390723
0.455311 0.392009
0.450031 0.393240
0.444529 0.394446
0.438819 0.395653
0.432916 0.396892
0.426833 0.398192
0.420584 0.399582
0.414186 0.401093
0.407654 0.402753
0.401006 0.404591
0.394260 0.406632
0.387435 0.408904
0.380552 0.411430
0.373632 0.414234
0.366697 0.417334
0.359771 0.420749
0.352877 0.424495
0.346038 0.428584
0.339278 0.433027
0.332620 0.437830
0.326088 0.442999
0.319703 0.448533
0.313487 0.454431
0.307458 0.460687
0.301634 0.467293
0.296032 0.474238
0.290665 0.481508
0.285547 0.489086
0.280686 0.496953
0.276092 0.505088
0.271769 0.513467
0.267721 0.522067
0.263952 0.530860
0.260459 0.539821
0.257243 0.548923
0.254299 0.558136
0.251622 0.567435
0.249208 0.576793
0.247047 0.586182
0.245133 0.595577
0.243455 0.604955
0.244331 0.629406
0.243499 0.638226
0.242850 0.646956
0.242373 0.655581
0.242060 0.664087
0.241899 0.672464
0.241881 0.680699
0.241995 0.688783
0.242231 0.696708
0.242579 0.704465
0.243028 0.712047
0.243568 0.719449
0.244188 0.726664
0.244878 0.733688
0.245626 0.740516
0.246423 0.747144
0.247256 0.753569
0.248115 0.759786
0.248989 0.765794
0.249865 0.771588
0.250733 0.777166
0.251579 0.782525
0.252393 0.787662
0.253162 0.792575
0.253874 0.797261
0.254516 0.801717
0.255076 0.805941
0.255543 0.809929
0.255904 0.813679
0.256148 0.817187
0.256263 0.820449
0.256239 0.823463
0.256065 0.826224
0.255732 0.828728
0.255232 0.830971
0.254556 0.832947
0.253699 0.834652
0.252655 0.836080
0.251419 0.837224
0.249989 0.838077
0.248365 0.838634
0.246545 0.838884
0.244532 0.838821
0.242330 0.838434
0.239943 0.837714
0.237379 0.836650
0.234647 0.835231
0.231757 0.833444
0.228721 0.831278
0.225552 0.828718
0.222266 0.825750
0.218880 0.822360
0.215410 0.818533
0.211876 0.814252
0.208297 0.809502
0.204696 0.804267
0.201092 0.798532
0.197509 0.792281
0.193970 0.785500
0.190496 0.778176
0.187111 0.770297
0.183838 0.761853
0.180701 0.752838
0.177722 0.743246
0.174923 0.733078
0.172327 0.722337
0.169956 0.711030
0.167830 0.699171
0.165972 0.686779
0.164400 0.673879
0.163135 0.660500
0.162195 0.646681
0.161600 0.632465
0.161366 0.617901
0.161511 0.603044
0.162052 0.587953
0.163004 0.572694
0.164383 0.557333
0.166201 0.541940
0.168473 0.526587
0.171210 0.511343
0.174424 0.496278
0.178123 0.481461
0.182316 0.466955
0.187010 0.452822
0.192208 0.439116
0.197912 0.425890
0.204122 0.413187
0.210835 0.401050
0.218045 0.389511
0.225740 0.378600
0.233909 0.368342
0.242532 0.358755
0.251587 0.349853
0.261049 0.341647
0.270887 0.334144
0.281064 0.327345
0.291539 0.321250
0.302270 0.315856
0.313206 0.311156
0.324296 0.307140
0.335483 0.303799
0.346711 0.301116
0.357919 0.299076
0.369048 0.297660
0.380036 0.296847
0.390825 0.296612
0.401357 0.296931
0.411578 0.297775
0.421435 0.299113
0.430881 0.300913
0.439873 0.303140
0.448375 0.305757
0.456352 0.308725
0.463779 0.312006
0.470634 0.315557
0.476900 0.319337
0.482569 0.323303
0.487633 0.327415
0.492093 0.331629
0.495951 0.335906
0.499216 0.340206
0.501899 0.344492
0.504013 0.348730
0.505576 0.352886
0.506606 0.356933
0.507124 0.360843
0.507151 0.364596
0.506710 0.368172
0.505823 0.371556
0.504514 0.374737
0.502805 0.377708
0.500718 0.380465
0.498275 0.383008
0.495496 0.385340
0.492400 0.387468
0.489005 0.389400
0.485329 0.391150
0.481387 0.392732
0.477194 0.394162
0.472764 0.395459
0.468109 0.396645
0.463241 0.397740
0.458172 0.398770
0.452912 0.399757
0.447472 0.400728
0.441862 0.401708
0.436092 0.402723
0.430175 0.403800
0.424121 0.404964
0.417942 0.406242
0.411651 0.407659
0.405262 0.409240
0.398789 0.411009
0.392249 0.412988
0.385657 0.415198
0.379032 0.417661
0.372392 0.420393
0.365755 0.423412
0.359141 0.426733
0.352572 0.430366
0.346065 0.434324
0.339643 0.438612
0.333324 0.443237
0.327129 0.448201
0.321076 0.453505
0.315182 0.459146
0.309465 0.465118
0.303939 0.471414
0.298620 0.478025
0.293518 0.484937
0.288646 0.492137
0.284012 0.499607
0.279623 0.507329
0.275485 0.515284
0.271602 0.523449
0.267976 0.531802
0.264607 0.540320
0.261496 0.548980
0.258639 0.557757
0.256034 0.566626
0.253675 0.575565
0.251557 0.584550
0.249674 0.593559
0.248018 0.602569
0.246581 0.611560
0.245355 0.620511
0.247354 0.644653
0.246897 0.653033
0.246602 0.661315
0.246461 0.669491
0.246466 0.677550
0.246607 0.685482
0.246876 0.693280
0.247264 0.700938
0.247762 0.708448
0.248362 0.715806
0.249055 0.723007
0.249832 0.730046
0.250685 0.736921
0.251605 0.743627
0.252583 0.750163
0.253610 0.756525
0.254677 0.762713
0.255774 0.768722
0.256894 0.774553
0.258025 0.780203
0.259158 0.785670
0.260283 0.790952
0.261390 0.796050
0.262470 0.800960
0.263510 0.805681
0.264501 0.810212
0.265431 0.814551
0.266290 0.818696
0.267068 0.822646
0.267752 0.826398
0.268332 0.829950
0.268798 0.833301
0.269139 0.836448
0.269344 0.839388
0.269405 0.842119
0.269312 0.844637
0.269056 0.846940
0.268630 0.849024
0.268026 0.850886
0.267237 0.852520
0.266260 0.853923
0.265090 0.855090
0.263723 0.856015
0.262157 0.856693
0.260393 0.857117
0.258432 0.857281
0.256274 0.857177
0.253925 0.856798
0.251390 0.856135
0.248674 0.855179
0.245787 0.853920
0.242737 0.852348
0.239536 0.850452
0.236196 0.848220
0.232731 0.845640
0.229155 0.842699
0.225485 0.839383
0.221737 0.835678
0.217929 0.831570
0.214080 0.827044
0.210209 0.822086
0.206335 0.816679
0.202479 0.810811
0.198662 0.804466
0.194904 0.797630
0.191225 0.790292
0.187647 0.782441
0.184189 0.774065
0.180871 0.765160
0.177715 0.755719
0.174738 0.745741
0.171960 0.735228
0.169401 0.724185
0.167077 0.712624
0.165006 0.700558
0.163206 0.688008
0.161694 0.674999
0.160485 0.661562
0.159594 0.647733
0.159038 0.633554
0.158830 0.619072
0.158984 0.604337
0.159514 0.589406
0.160434 0.574336
0.161754 0.559190
0.163487 0.544031
0.165645 0.528921
0.168237 0.513925
0.171272 0.499105
0.174759 0.484522
0.178705 0.470232
0.183117 0.456290
0.187997 0.442745
0.193351 0.429644
0.199177 0.417027
0.205475 0.404932
0.212241 0.393388
0.219469 0.382423
0.227149 0.372060
0.235268 0.362317
0.243811 0.353208
0.252757 0.344743
0.262084 0.336931
0.271763 0.329774
0.281763 0.323275
0.292050 0.317433
0.302583 0.312243
0.313319 0.307700
0.324214 0.303796
0.335217 0.300522
0.346279 0.297866
0.357345 0.295814
0.368362 0.294351
0.379275 0.293460
0.390032 0.293121
0.400578 0.293313
0.410864 0.294013
0.420840 0.295196
0.430462 0.296834
0.439688 0.298900
0.448481 0.301361
0.456806 0.304186
0.464637 0.307340
0.471949 0.310788
0.478723 0.314493
0.484945 0.318418
0.490605 0.322524
0.495699 0.326775
0.500225 0.331131
0.504185 0.335555
0.507588 0.340012
0.510441 0.344467
0.512757 0.348886
0.514551 0.353238
0.515839 0.357495
0.516639 0.361630
0.516972 0.365622
0.516858 0.369449
0.516317 0.373095
0.515371 0.376547
0.514042 0.379793
0.512349 0.382827
0.510315 0.385645
0.507957 0.388246
0.505296 0.390631
0.502349 0.392807
0.499133 0.394779
0.495663 0.396557
0.491955 0.398154
0.488021 0.399584
0.483875 0.400862
0.479527 0.402005
0.474987 0.403032
0.470266 0.403964
0.465373 0.404821
0.460316 0.405625
0.455102 0.406398
0.449741 0.407164
0.444240 0.407946
0.438608 0.408767
0.432852 0.409651
0.426983 0.410621
0.421009 0.411699
0.414941 0.412910
0.408790 0.414274
0.402568 0.415812
0.396288 0.417545
0.389963 0.419493
0.383608 0.421672
0.377239 0.424099
0.370871 0.426791
0.364521 0.429759
0.358206 0.433016
0.351944 0.436571
0.345752 0.440433
0.339647 0.444606
0.333648 0.449096
0.327769 0.453903
0.322029 0.459027
0.316442 0.464465
0.311022 0.470212
0.305784 0.476260
0.300739 0.482600
0.295899 0.489222
0.291272 0.496111
0.286867 0.503254
0.282691 0.510633
0.278748 0.518231
0.275044 0.526029
0.271579 0.534007
0.268355 0.542144
0.265372 0.550420
0.262628 0.558812
0.260121 0.567299
0.257847 0.575860
0.255801 0.584475
0.253978 0.593122
0.252373 0.601782
0.250978 0.610436
0.249787 0.619066
0.248791 0.627656
0.247983 0.636190
0.260738 0.419137
