0.645197 0.288572
0.628286 0.271662
0.628761 0.270116
0.646786 0.285211
0.665619 0.307964
0.671975 0.319943
0.663871 0.310469
0.638050 0.283914
0.613833 0.262927
0.597431 0.250775
0.596308 0.248208
0.611627 0.255712
0.637023 0.273754
0.662241 0.300032
0.679500 0.327271
0.686838 0.345614
0.685808 0.348188
0.677381 0.334532
0.661097 0.310232
0.630071 0.278955
0.603727 0.258334
0.579838 0.243750
0.563484 0.234990
0.558517 0.231392
0.566464 0.232804
0.586003 0.239972
0.613042 0.254067
0.641769 0.275530
0.666630 0.302815
0.684253 0.331936
0.694119 0.357451
0.697754 0.374392
0.697125 0.379791
0.693228 0.373086
0.685593 0.355865
0.672873 0.331475
0.654120 0.304370
0.621194 0.273777
0.594554 0.254805
0.568082 0.240460
0.544834 0.230433
0.527645 0.223974
0.518686 0.220297
0.519226 0.218955
0.529508 0.220065
0.548644 0.224331
0.574540 0.232838
0.604046 0.246637
0.633487 0.266236
0.659497 0.291105
0.679784 0.319426
0.693512 0.348280
0.701199 0.374308
0.704255 0.394543
0.704347 0.406986
0.702796 0.410728
0.700169 0.405770
0.696165 0.392825
0.689795 0.373255
0.679782 0.349059
0.665068 0.322732
0.645306 0.296894
0.611356 0.268467
0.585096 0.251505
0.558095 0.238290
0.532252 0.228573
0.509442 0.221800
0.491301 0.217271
0.479099 0.214304
0.473710 0.212386
0.475622 0.211296
0.484935 0.211168
0.501307 0.212493
0.523862 0.216043
0.551120 0.222733
0.581041 0.233434
0.611244 0.248758
0.639382 0.268841
0.663537 0.293157
0.682504 0.320453
0.695891 0.348857
0.704049 0.376179
0.707888 0.400320
0.708633 0.419622
0.707546 0.433033
0.705681 0.440068
0.703697 0.440671
0.701763 0.435063
0.699563 0.423672
0.696388 0.407137
0.691289 0.386377
0.683269 0.362633
0.671490 0.337416
0.655463 0.312361
0.635213 0.288985
0.600491 0.263122
0.574220 0.247894
0.546888 0.235938
0.519839 0.227049
0.494426 0.220811
0.471875 0.216675
0.453203 0.214035
0.439184 0.212305
0.430374 0.210996
0.427145 0.209784
0.429722 0.208559
0.438189 0.207449
0.452457 0.206824
0.472191 0.207253
0.496728 0.209446
0.525009 0.214175
0.555588 0.222174
0.586740 0.234037
0.616668 0.250105
0.643751 0.270355
0.666747 0.294315
0.684920 0.321031
0.698056 0.349132
0.706417 0.377002
0.710642 0.403020
0.711631 0.425795
0.710411 0.444319
0.707990 0.458006
0.705238 0.466628
0.702780 0.470204
0.700938 0.468889
0.699714 0.462897
0.698810 0.452484
0.697682 0.437969
0.695609 0.419795
0.691785 0.398591
0.685417 0.375205
0.675826 0.350681
0.662541 0.326171
0.645380 0.302806
0.624513 0.281555
0.588540 0.257845
0.562608 0.244470
0.535560 0.233952
0.508375 0.226129
0.482041 0.220702
0.457476 0.217272
0.435463 0.215374
0.416619 0.214517
0.401404 0.214220
0.390138 0.214048
0.383047 0.213654
0.380292 0.212810
0.381997 0.211430
0.388258 0.209591
0.399127 0.207527
0.414579 0.205619
0.434453 0.204364
0.458385 0.204345
0.485754 0.206177
0.515646 0.210471
0.546890 0.217775
0.578147 0.228526
0.608054 0.242992
0.635376 0.261209
0.659141 0.282927
0.678707 0.307575
0.693786 0.334269
0.704415 0.361878
0.710915 0.389148
0.713831 0.414857
0.713871 0.437959
0.711832 0.457683
0.708534 0.473556
0.704738 0.485378
0.701089 0.493149
0.698062 0.496993
0.695935 0.497082
0.694781 0.493587
0.694474 0.486657
0.694714 0.476425
0.695053 0.463039
0.694940 0.446701
0.693755 0.427722
0.690864 0.406557
0.685667 0.383819
0.677648 0.360258
0.666421 0.336709
0.651776 0.314013
0.633716 0.292928
0.612477 0.274067
0.575449 0.252743
0.549611 0.241046
0.522718 0.231928
0.495543 0.225254
0.468863 0.220796
0.443405 0.218251
0.419795 0.217262
0.398536 0.217438
0.380001 0.218367
0.364448 0.219645
0.352043 0.220888
0.342892 0.221763
0.337067 0.222005
0.334631 0.221436
0.335655 0.219987
0.340224 0.217701
0.348432 0.214738
0.360367 0.211367
0.376077 0.207954
0.395532 0.204939
0.418571 0.202811
0.444848 0.202086
0.473802 0.203273
0.504638 0.206856
0.536371 0.213263
0.567892 0.222834
0.598084 0.235797
0.625929 0.252219
0.650601 0.271976
0.671517 0.294715
0.688353 0.319844
0.701034 0.346553
0.709699 0.373873
0.714670 0.400772
0.716417 0.426261
0.715520 0.449502
0.712632 0.469864
0.708430 0.486956
0.703577 0.500601
0.698673 0.510800
0.694219 0.517668
0.690592 0.521380
0.688027 0.522123
0.686617 0.520061
0.686316 0.515315
0.686954 0.507967
0.688248 0.498065
0.689825 0.485654
0.691241 0.470809
0.692003 0.453665
0.691598 0.434458
0.689518 0.413541
0.685290 0.391391
0.678503 0.368592
0.668837 0.345795
0.656090 0.323666
0.640197 0.302831
0.621254 0.283821
0.599526 0.267039
0.561177 0.247932
0.536071 0.238076
0.510067 0.230464
0.483756 0.224992
0.457729 0.221497
0.432539 0.219766
0.408674 0.219549
0.386531 0.220562
0.366412 0.222500
0.348529 0.225047
0.333013 0.227879
0.319935 0.230682
0.309321 0.233160
0.301180 0.235050
0.295509 0.236136
0.292319 0.236259
0.291634 0.235329
0.293506 0.233330
0.298012 0.230327
0.305250 0.226466
0.315334 0.221963
0.328374 0.217104
0.344454 0.212224
0.363607 0.207699
0.385774 0.203927
0.410771 0.201312
0.438258 0.200253
0.467722 0.201129
0.498480 0.204288
0.529721 0.210033
0.560559 0.218609
0.590113 0.230181
0.617581 0.244816
0.642298 0.262455
0.663775 0.282890
0.681705 0.305747
0.695955 0.330488
0.706550 0.356430
0.713652 0.382791
0.717532 0.408758
0.718557 0.433556
0.717170 0.456519
0.713865 0.477128
0.709171 0.495041
0.703620 0.510079
0.697722 0.522211
0.691942 0.531511
0.686673 0.538127
0.682227 0.542239
0.678821 0.544032
0.676574 0.543667
0.675519 0.541272
0.675597 0.536930
0.676675 0.530682
0.678551 0.522534
0.680961 0.512473
0.683594 0.500485
0.686098 0.486579
0.688094 0.470809
0.689191 0.453296
0.688998 0.434245
0.687140 0.413951
0.683274 0.392799
0.677107 0.371243
0.668405 0.349781
0.657013 0.328920
0.642866 0.309140
0.626001 0.290862
0.606569 0.274422
0.584835 0.260064
0.545696 0.243532
0.520767 0.235238
0.495101 0.228999
0.469195 0.224726
0.443541 0.222291
0.418597 0.221527
0.394765 0.222242
0.372375 0.224216
0.351679 0.227210
0.332851 0.230968
0.315997 0.235223
0.301168 0.239700
0.288368 0.244126
0.277577 0.248236
0.268757 0.251783
0.261868 0.254543
0.256878 0.256331
0.253767 0.257006
0.252538 0.256475
0.253220 0.254706
0.255867 0.251726
0.260562 0.247625
0.267409 0.242551
0.276535 0.236711
0.288072 0.230360
0.302152 0.223793
0.318881 0.217332
0.338319 0.211318
0.360454 0.206097
0.385170 0.202012
0.412225 0.199395
0.441228 0.198556
0.471645 0.199785
0.502813 0.203339
0.533985 0.209436
0.564384 0.218247
0.593264 0.229884
0.619969 0.244376
0.643967 0.261659
0.664872 0.281548
0.682445 0.303732
0.696585 0.327766
0.707309 0.353084
0.714737 0.379029
0.719075 0.404904
0.720603 0.430018
0.719663 0.453749
0.716647 0.475581
0.711984 0.495136
0.706126 0.512175
0.699527 0.526596
0.692629 0.538408
0.685837 0.547707
0.679506 0.554646
0.673929 0.559411
0.669330 0.562191
0.665859 0.563161
0.663595 0.562472
0.662553 0.560234
0.662684 0.556519
0.663888 0.551355
0.666014 0.544737
0.668868 0.536631
0.672220 0.526988
0.675805 0.515759
0.679332 0.502910
0.682492 0.488441
0.684961 0.472401
0.686415 0.454901
0.686536 0.436125
0.685022 0.416333
0.681601 0.395852
0.676036 0.375065
0.668137 0.354388
0.657773 0.334245
0.644877 0.315043
0.629457 0.297143
0.611606 0.280848
0.591503 0.266388
0.569415 0.253922
0.528999 0.239669
0.504762 0.233000
0.479980 0.228156
0.455056 0.225066
0.430383 0.223632
0.406327 0.223732
0.383209 0.225225
0.361294 0.227952
0.340788 0.231738
0.321834 0.236392
0.304524 0.241711
0.288898 0.247482
0.274959 0.253483
0.262682 0.259489
0.252022 0.265276
0.242921 0.270625
0.235320 0.275330
0.229163 0.279201
0.224402 0.282075
0.221002 0.283816
0.218946 0.284323
0.218234 0.283537
0.218891 0.281437
0.220959 0.278050
0.224508 0.273449
0.229626 0.267750
0.236422 0.261114
0.245021 0.253739
0.255556 0.245857
0.268167 0.237726
0.282979 0.229622
0.300099 0.221830
0.319590 0.214636
0.341454 0.208323
0.365611 0.203163
0.391877 0.199413
0.419956 0.197314
0.449429 0.197086
0.479771 0.198931
0.510376 0.203023
0.540596 0.209510
0.569784 0.218504
0.597343 0.230068
0.622761 0.244209
0.645629 0.260860
0.665655 0.279869
0.682659 0.300984
0.696560 0.323853
0.707369 0.348029
0.715167 0.372987
0.720102 0.398154
0.722374 0.422948
0.722232 0.446816
0.719964 0.469273
0.715895 0.489927
0.710376 0.508494
0.703777 0.524803
0.696472 0.538783
0.688828 0.550452
0.681192 0.559900
0.673878 0.567262
0.667155 0.572706
0.661244 0.576410
0.656315 0.578551
0.652482 0.579290
0.649809 0.578764
0.648314 0.577079
0.647972 0.574308
0.648721 0.570488
0.650467 0.565626
0.653083 0.559697
0.656419 0.552655
0.660298 0.544438
0.664521 0.534979
0.668870 0.524215
0.673110 0.512099
0.676993 0.498610
0.680265 0.483767
0.682667 0.467636
0.683947 0.450338
0.683862 0.432052
0.682183 0.413010
0.678709 0.393497
0.673265 0.373831
0.665712 0.354352
0.655952 0.335401
0.643936 0.317303
0.629667 0.300352
0.613210 0.284797
0.594690 0.270833
0.574301 0.258606
0.552299 0.248204
0.511105 0.236474
0.487451 0.231308
0.463436 0.227792
0.439399 0.225867
0.415663 0.225455
0.392527 0.226463
0.370249 0.228786
0.349046 0.232303
0.329084 0.236882
0.310481 0.242380
0.293310 0.248640
0.277606 0.255497
0.263370 0.262774
0.250576 0.270288
0.239180 0.277849
0.229125 0.285266
0.220345 0.292346
0.212774 0.298904
0.206346 0.304762
0.201002 0.309757
0.196690 0.313740
0.193369 0.316587
0.191011 0.318194
0.189604 0.318489
0.189149 0.317427
0.189666 0.314997
0.191191 0.311221
0.193780 0.306157
0.197505 0.299898
0.202454 0.292571
0.208733 0.284334
0.216461 0.275377
0.225765 0.265910
0.236782 0.256166
0.249644 0.246385
0.264476 0.236818
0.281380 0.227713
0.300427 0.219312
0.321635 0.211848
0.344956 0.205541
0.370260 0.200595
0.397323 0.197200
0.425819 0.195531
0.455329 0.195747
0.485353 0.197991
0.515342 0.202386
0.544726 0.209037
0.572956 0.218019
0.599537 0.229372
0.624046 0.243094
0.646155 0.259122
0.665628 0.277329
0.682317 0.297512
0.696156 0.319385
0.707146 0.342585
0.715345 0.366679
0.720860 0.391188
0.723842 0.415610
0.724474 0.439452
0.722976 0.462259
0.719598 0.483641
0.714614 0.503289
0.708323 0.520986
0.701035 0.536600
0.693070 0.550086
0.684744 0.561468
0.676358 0.570827
0.668192 0.578287
0.660495 0.583998
0.653479 0.588128
0.647312 0.590845
0.642125 0.592312
0.638005 0.592677
0.634999 0.592066
0.633124 0.590580
0.632362 0.588293
0.632672 0.585249
0.633986 0.581464
0.636220 0.576928
0.639267 0.571608
0.643006 0.565450
0.647298 0.558388
0.651990 0.550349
0.656913 0.541258
0.661886 0.531048
0.666714 0.519665
0.671195 0.507080
0.675121 0.493294
0.678282 0.478344
0.680470 0.462313
0.681481 0.445327
0.681126 0.427558
0.679227 0.409222
0.675630 0.390568
0.670201 0.371871
0.662834 0.353416
0.653457 0.335488
0.642034 0.318356
0.628568 0.302264
0.613109 0.287422
0.595756 0.273999
0.576657 0.262124
0.556010 0.251884
0.534064 0.243328
0.492061 0.234082
0.468963 0.230339
0.445683 0.228105
0.422507 0.227331
0.399707 0.227955
0.377526 0.229904
0.356177 0.233095
0.335833 0.237436
0.316629 0.242827
0.298658 0.249154
0.281977 0.256298
0.266614 0.264127
0.252564 0.272502
0.239805 0.281274
0.228295 0.290285
0.217979 0.299374
0.208796 0.308373
0.200678 0.317115
0.193558 0.325432
0.187369 0.333165
0.182048 0.340156
0.177539 0.346264
0.173789 0.351357
0.170759 0.355319
0.168417 0.358053
0.166742 0.359482
0.165725 0.359547
0.165370 0.358217
0.165693 0.355482
0.166724 0.351360
0.168508 0.345893
0.171101 0.339155
0.174576 0.331244
0.179017 0.322288
0.184522 0.312439
0.191200 0.301873
0.199170 0.290785
0.208558 0.279387
0.219493 0.267897
0.232104 0.256541
0.246510 0.245540
0.262814 0.235114
0.281092 0.225468
0.301378 0.216797
0.323655 0.209283
0.347838 0.203092
0.373764 0.198377
0.401185 0.195277
0.429769 0.193919
0.459106 0.194419
0.488728 0.196883
0.518135 0.201400
0.546821 0.208047
0.574308 0.216878
0.600171 0.227920
0.624050 0.241166
0.645668 0.256564
0.664822 0.274009
0.681386 0.293334
0.695300 0.314306
0.706558 0.336623
0.715201 0.359925
0.721309 0.383804
0.724995 0.407821
0.726399 0.431535
0.725693 0.454522
0.723068 0.476400
0.718744 0.496849
0.712959 0.515619
0.705971 0.532536
0.698051 0.547501
0.689476 0.560482
0.680525 0.571507
0.671467 0.580651
0.662555 0.588028
0.654017 0.593774
0.646055 0.598044
0.638836 0.600997
0.632492 0.602790
0.627122 0.603575
0.622790 0.603486
0.619533 0.602641
0.617357 0.601136
0.616249 0.599043
0.616175 0.596412
0.617085 0.593266
0.618913 0.589606
0.621583 0.585411
0.625006 0.580642
0.629083 0.575245
0.633703 0.569152
0.638745 0.562289
0.644077 0.554578
0.649556 0.545944
0.655028 0.536318
0.660331 0.525648
0.665297 0.513898
0.669751 0.501058
0.673516 0.487150
0.676418 0.472230
0.678285 0.456390
0.678953 0.439761
0.678268 0.422510
0.676091 0.404836
0.672298 0.386963
0.666787 0.369132
0.659475 0.351589
0.650310 0.334576
0.639264 0.318324
0.626345 0.303037
0.611597 0.288896
0.595101 0.276046
0.576979 0.264601
0.557395 0.254644
0.536551 0.246226
0.514684 0.239372
0.471947 0.232634
0.449612 0.230269
0.427262 0.229277
0.405135 0.229616
0.383454 0.231239
0.362416 0.234087
0.342189 0.238098
0.322911 0.243200
0.304685 0.249316
0.287584 0.256362
0.271651 0.264244
0.256906 0.272860
0.243343 0.282102
0.230940 0.291851
0.219660 0.301982
0.209456 0.312360
0.200272 0.322848
0.192048 0.333302
0.184719 0.343578
0.178224 0.353529
0.172498 0.363012
0.167481 0.371889
0.163117 0.380027
0.159353 0.387303
0.156143 0.393603
0.153447 0.398824
0.151234 0.402877
0.149476 0.405685
0.148160 0.407188
0.147276 0.407338
0.146826 0.406105
0.146824 0.403477
0.147289 0.399458
0.148254 0.394073
0.149762 0.387366
0.151864 0.379405
0.154625 0.370279
0.158118 0.360099
0.162427 0.348997
0.167644 0.337129
0.173873 0.324665
0.181222 0.311791
0.189808 0.298705
0.199750 0.285608
0.211167 0.272703
0.224174 0.260189
0.238878 0.248259
0.255364 0.237092
0.273695 0.226857
0.293894 0.217706
0.315938 0.209779
0.339744 0.203202
0.365164 0.198090
0.391975 0.194547
0.419884 0.192668
0.448529 0.192538
0.477502 0.194239
0.506359 0.197842
0.534652 0.203406
0.561951 0.210981
0.587864 0.220597
0.612055 0.232259
0.634250 0.245944
0.654245 0.261588
0.671900 0.279084
0.687130 0.298271
0.699902 0.318934
0.710225 0.340800
0.718142 0.363551
0.723723 0.386825
0.727065 0.410240
0.728284 0.433406
0.727520 0.455947
0.724930 0.477521
0.720691 0.497832
0.715001 0.516643
0.708072 0.533780
0.700133 0.549129
0.691421 0.562638
0.682180 0.574308
0.672651 0.584184
0.663070 0.592348
0.653656 0.598909
0.644611 0.603996
0.636112 0.607752
0.628307 0.610324
0.621316 0.611859
0.615230 0.612498
0.610113 0.612372
0.606003 0.611599
0.602914 0.610281
0.600842 0.608499
0.599767 0.606319
0.599655 0.603782
0.600463 0.600913
0.602135 0.597715
0.604611 0.594174
0.607823 0.590259
0.611697 0.585925
0.616150 0.581117
0.621095 0.575766
0.626434 0.569802
0.632064 0.563149
0.637871 0.555731
0.643735 0.547479
0.649526 0.538331
0.655109 0.528237
0.660342 0.517167
0.665079 0.505108
0.669173 0.492076
0.672477 0.478113
0.674847 0.463291
0.676144 0.447714
0.676238 0.431516
0.675007 0.414857
0.672343 0.397921
0.668150 0.380909
0.662352 0.364030
0.654889 0.347496
0.645725 0.331510
0.634845 0.316263
0.622262 0.301928
0.608018 0.288654
0.592186 0.276563
0.574872 0.265752
0.556214 0.256294
0.536383 0.248235
0.515576 0.241603
0.494018 0.236405
0.450882 0.232275
0.429489 0.231229
0.408229 0.231427
0.387297 0.232836
0.366872 0.235415
0.347109 0.239122
0.328138 0.243906
0.310064 0.249716
0.292965 0.256490
0.276895 0.264165
0.261886 0.272668
0.247948 0.281923
0.235076 0.291843
0.223248 0.302336
0.212433 0.313302
0.202589 0.324634
0.193669 0.336219
0.185621 0.347937
0.178389 0.359667
0.171916 0.371283
0.166145 0.382661
0.161019 0.393677
0.156484 0.404208
0.152488 0.414138
0.148979 0.423357
0.145914 0.431762
0.143250 0.439256
0.140950 0.445755
0.138982 0.451179
0.137319 0.455461
0.135942 0.458542
0.134835 0.460374
0.133992 0.460916
0.133411 0.460140
0.133098 0.458027
0.133069 0.454570
0.133344 0.449774
0.133951 0.443656
0.134928 0.436251
0.136318 0.427609
0.138175 0.417796
0.140558 0.406899
0.143535 0.395023
0.147180 0.382290
0.151577 0.368842
0.156815 0.354836
0.162990 0.340443
0.170203 0.325840
0.178559 0.311213
0.188167 0.296746
0.199133 0.282622
0.211562 0.269014
0.225549 0.256088
0.241175 0.243993
0.258502 0.232868
0.277561 0.222837
0.298347 0.214010
0.320807 0.206486
0.344836 0.200351
0.370267 0.195686
0.396873 0.192561
0.424367 0.191044
0.452411 0.191196
0.480631 0.193074
0.508632 0.196729
0.536021 0.202206
0.562426 0.209541
0.587508 0.218756
0.610980 0.229855
0.632607 0.242820
0.652213 0.257601
0.669671 0.274113
0.684906 0.292230
0.697883 0.311782
0.708602 0.332551
0.717089 0.354275
0.723396 0.376657
0.727593 0.399369
0.729768 0.422073
0.730024 0.444429
0.728481 0.466115
0.725274 0.486839
0.720553 0.506351
0.714486 0.524449
0.707254 0.540984
0.699050 0.555859
0.690081 0.569025
0.680557 0.580479
0.670690 0.590255
0.660690 0.598418
0.650758 0.605061
0.641080 0.610293
0.631825 0.614237
0.623138 0.617025
0.615144 0.618792
0.607940 0.619669
0.601601 0.619787
0.596177 0.619264
0.591700 0.618211
0.588179 0.616724
0.585611 0.614884
0.583979 0.612758
0.583255 0.610395
0.583402 0.607829
0.584379 0.605075
0.586139 0.602137
0.588630 0.598999
0.591797 0.595636
0.595583 0.592009
0.599925 0.588068
0.604757 0.583756
0.610008 0.579010
0.615601 0.573759
0.621453 0.567935
0.627476 0.561466
0.633572 0.554285
0.639639 0.546332
0.645567 0.537553
0.651242 0.527909
0.656544 0.517375
0.661352 0.505942
0.665543 0.493627
0.668993 0.480464
0.671582 0.466517
0.673193 0.451871
0.673717 0.436638
0.673049 0.420951
0.671098 0.404963
0.667780 0.388842
0.663025 0.372764
0.656778 0.356911
0.648999 0.341461
0.639666 0.326583
0.628777 0.312435
0.616352 0.299158
0.602433 0.286871
0.587091 0.275677
0.570419 0.265654
0.552540 0.256862
0.533599 0.249342
0.513767 0.243119
0.493234 0.238203
0.472201 0.234593
0.429022 0.233155
0.408596 0.233367
0.388433 0.234717
0.368692 0.237176
0.349514 0.240715
0.331019 0.245297
0.313307 0.250884
0.296456 0.257434
0.280523 0.264900
0.265545 0.273232
0.251543 0.282372
0.238520 0.292260
0.226467 0.302825
0.215365 0.313994
0.205183 0.325684
0.195886 0.337808
0.187432 0.350271
0.179777 0.362974
0.172870 0.375813
0.166664 0.388679
0.161106 0.401464
0.156148 0.414059
0.151739 0.426354
0.147830 0.438243
0.144373 0.449626
0.141325 0.460406
0.138641 0.470492
0.136283 0.479801
0.134212 0.488255
0.132395 0.495787
0.130801 0.502332
0.129406 0.507837
0.128186 0.512252
0.127125 0.515533
0.126210 0.517645
0.125433 0.518555
0.124793 0.518238
0.124292 0.516672
0.123940 0.513843
0.123751 0.509744
0.123744 0.504374
0.123947 0.497742
0.124390 0.489867
0.125112 0.480780
0.126157 0.470525
0.127572 0.459163
0.129415 0.446770
0.131745 0.433439
0.134630 0.419280
0.138141 0.404421
0.142357 0.389005
0.147361 0.373188
0.153241 0.357135
0.160088 0.341019
0.167999 0.325012
0.177069 0.309287
0.187397 0.294008
0.199076 0.279331
0.212194 0.265401
0.226829 0.252347
0.243042 0.240287
0.260874 0.229321
0.280333 0.219541
0.301395 0.211024
0.323989 0.203838
0.347997 0.198043
0.373247 0.193693
0.399515 0.190840
0.426528 0.189528
0.453971 0.189802
0.481504 0.191705
0.508773 0.195273
0.535426 0.200543
0.561134 0.207542
0.585599 0.216286
0.608566 0.226782
0.629827 0.239016
0.649221 0.252949
0.666634 0.268518
0.681993 0.285623
0.695259 0.304130
0.706426 0.323862
0.715508 0.344607
0.722542 0.366117
0.727580 0.388114
0.730688 0.410301
0.731944 0.432374
0.731440 0.454035
0.729279 0.475000
0.725578 0.495016
0.720468 0.513865
0.714090 0.531373
0.706603 0.547408
0.698176 0.561883
0.688986 0.574753
0.679221 0.586010
0.669071 0.595679
0.658724 0.603815
0.648364 0.610493
0.638166 0.615807
0.628290 0.619865
0.618880 0.622783
0.610059 0.624682
0.601931 0.625686
0.594577 0.625917
0.588058 0.625492
0.582415 0.624523
0.577669 0.623111
0.573829 0.621349
0.570888 0.619315
0.568829 0.617076
0.567626 0.614686
0.567249 0.612183
0.567659 0.609593
0.568817 0.606927
0.570680 0.604185
0.573205 0.601354
0.576345 0.598410
0.580054 0.595319
0.584284 0.592038
0.588983 0.588517
0.594098 0.584700
0.599573 0.580524
0.605345 0.575927
0.611349 0.570842
0.617513 0.565204
0.623758 0.558950
0.630003 0.552020
0.636157 0.544363
0.642127 0.535934
0.647814 0.526701
0.653116 0.516646
0.657928 0.505764
0.662145 0.494070
0.665662 0.481598
0.668376 0.468401
0.670187 0.454556
0.671001 0.440155
0.670728 0.425315
0.669287 0.410164
0.666607 0.394847
0.662623 0.379515
0.657284 0.364326
0.650552 0.349436
0.642401 0.334998
0.632822 0.321152
0.621821 0.308031
0.609425 0.295750
0.595680 0.284408
0.580653 0.274087
0.564432 0.264854
0.547128 0.256756
0.528872 0.249830
0.509815 0.244096
0.490121 0.239565
0.469968 0.236237
0.449540 0.234105
0.406562 0.235430
0.387270 0.236841
0.368348 0.239289
0.349919 0.242751
0.332090 0.247202
0.314953 0.252613
0.298580 0.258955
0.283027 0.266193
0.268332 0.274291
0.254519 0.283208
0.241600 0.292899
0.229572 0.303314
0.218424 0.314397
0.208137 0.326087
0.198684 0.338316
0.190033 0.351013
0.182149 0.364098
0.174993 0.377487
0.168524 0.391092
0.162700 0.404821
0.157477 0.418579
0.152811 0.432272
0.148661 0.445803
0.144981 0.459079
0.141731 0.472008
0.138869 0.484503
0.136356 0.496481
0.134152 0.507866
0.132221 0.518588
0.130528 0.528581
0.129040 0.537787
0.127727 0.546155
0.126561 0.553638
0.125516 0.560196
0.124571 0.565792
0.123707 0.570393
0.122908 0.573972
0.122162 0.576501
0.121462 0.577957
0.120803 0.578318
0.120186 0.577565
0.119615 0.575681
0.119100 0.572650
0.118652 0.568460
0.118291 0.563101
0.118037 0.556571
0.117918 0.548871
0.117964 0.540011
0.118210 0.530009
0.118695 0.518895
0.119465 0.506712
0.120565 0.493516
0.122050 0.479380
0.123975 0.464392
0.126401 0.448658
0.129392 0.432300
0.133019 0.415452
0.137355 0.398263
0.142475 0.380889
0.148462 0.363493
0.155398 0.346238
0.163368 0.329285
0.172460 0.312788
0.182758 0.296891
0.194344 0.281727
0.207295 0.267417
0.221677 0.254064
0.237540 0.241759
0.254919 0.230582
0.273819 0.220597
0.294216 0.211862
0.316050 0.204423
0.339217 0.198324
0.363568 0.193602
0.388913 0.190290
0.415014 0.188422
0.441599 0.188030
0.468371 0.189143
0.495016 0.191793
0.521220 0.196007
0.546680 0.201809
0.571118 0.209218
0.594288 0.218246
0.615984 0.228890
0.636040 0.241134
0.654330 0.254942
0.670766 0.270251
0.685292 0.286972
0.697881 0.304986
0.708531 0.324137
0.717255 0.344241
0.724085 0.365079
0.729064 0.386409
0.732245 0.407971
0.733693 0.429496
0.733481 0.450715
0.731692 0.471372
0.728420 0.491230
0.723768 0.510081
0.717854 0.527751
0.710806 0.544102
0.702762 0.559035
0.693875 0.572486
0.684302 0.584426
0.674210 0.594855
0.663767 0.603802
0.653144 0.611317
0.642504 0.617469
0.632007 0.622343
0.621797 0.626034
0.612007 0.628646
0.602753 0.630289
0.594133 0.631073
0.586224 0.631110
0.579088 0.630512
0.572768 0.629381
0.567288 0.627818
0.562662 0.625915
0.558888 0.623752
0.555955 0.621404
0.553842 0.618930
0.552522 0.616382
0.551966 0.613797
0.552137 0.611203
0.552999 0.608615
0.554515 0.606038
0.556646 0.603466
0.559355 0.600885
0.562604 0.598271
0.566354 0.595592
0.570567 0.592809
0.575204 0.589877
0.580224 0.586746
0.585585 0.583362
0.591240 0.579667
0.597140 0.575602
0.603232 0.571107
0.609458 0.566123
0.615754 0.560593
0.622054 0.554461
0.628284 0.547681
0.634366 0.540208
0.640218 0.532011
0.645755 0.523065
0.650889 0.513359
0.655530 0.502896
0.659588 0.491692
0.662974 0.479783
0.665600 0.467218
0.667382 0.454065
0.668238 0.440409
0.668093 0.426350
0.666877 0.412000
0.664529 0.397483
0.660993 0.382931
0.656224 0.368480
0.650188 0.354267
0.642859 0.340423
0.634226 0.327077
0.624290 0.314345
0.613068 0.302334
0.600593 0.291136
0.586913 0.280830
0.572095 0.271483
0.556226 0.263146
0.539406 0.255858
0.521756 0.249647
0.503409 0.244530
0.484511 0.240517
0.465218 0.237607
0.445689 0.235797
0.426084 0.235076
0.383729 0.239262
0.365614 0.241825
0.347952 0.245340
0.330838 0.249788
0.314352 0.255147
0.298561 0.261396
0.283515 0.268508
0.269250 0.276456
0.255792 0.285209
0.243154 0.294734
0.231337 0.304993
0.220336 0.315943
0.210137 0.327538
0.200721 0.339725
0.192064 0.352447
0.184136 0.365642
0.176907 0.379241
0.170343 0.393171
0.164409 0.407357
0.159069 0.421717
0.154286 0.436168
0.150022 0.450626
0.146241 0.465006
0.142905 0.479224
0.139978 0.493197
0.137424 0.506848
0.135206 0.520101
0.133291 0.532887
0.131643 0.545141
0.130231 0.556805
0.129022 0.567827
0.127986 0.578159
0.127094 0.587761
0.126317 0.596597
0.125631 0.604637
0.125012 0.611853
0.124437 0.618222
0.123888 0.623724
0.123348 0.628340
0.122803 0.632054
0.122241 0.634849
0.121654 0.636709
0.121038 0.637620
0.120391 0.637565
0.119714 0.636528
0.119013 0.634493
0.118297 0.631443
0.117577 0.627362
0.116870 0.622233
0.116194 0.616044
0.115573 0.608782
0.115031 0.600441
0.114599 0.591017
0.114310 0.580515
0.114198 0.568948
0.114302 0.556340
0.114666 0.542728
0.115332 0.528161
0.116351 0.512705
0.117773 0.496441
0.119652 0.479468
0.122046 0.461899
0.125017 0.443862
0.128627 0.425499
0.132945 0.406960
0.138041 0.388399
0.143987 0.369973
0.150858 0.351838
0.158730 0.334143
0.167681 0.317026
0.177786 0.300617
0.189117 0.285028
0.201741 0.270360
0.215715 0.256699
0.231087 0.244117
0.247883 0.232673
0.266112 0.222417
0.285753 0.213388
0.306756 0.205620
0.329035 0.199142
0.352464 0.193977
0.376880 0.190149
0.402080 0.187680
0.427830 0.186592
0.453869 0.186907
0.479917 0.188647
0.505693 0.191834
0.530916 0.196491
0.555326 0.202634
0.578684 0.210278
0.600785 0.219429
0.621457 0.230084
0.640564 0.242224
0.658003 0.255815
0.673704 0.270803
0.687621 0.287106
0.699735 0.304619
0.710044 0.323206
0.718560 0.342704
0.725310 0.362923
0.730329 0.383649
0.733662 0.404652
0.735360 0.425691
0.735482 0.446523
0.734097 0.466912
0.731280 0.486637
0.727114 0.505498
0.721696 0.523323
0.715130 0.539969
0.707531 0.555327
0.699026 0.569319
0.689750 0.581897
0.679848 0.593043
0.669468 0.602763
0.658765 0.611084
0.647893 0.618056
0.637001 0.623740
0.626235 0.628213
0.615730 0.631560
0.605609 0.633874
0.595981 0.635255
0.586940 0.635804
0.578561 0.635623
0.570906 0.634815
0.564018 0.633479
0.557926 0.631710
0.552646 0.629598
0.548179 0.627225
0.544519 0.624666
0.541649 0.621988
0.539547 0.619248
0.538185 0.616493
0.537531 0.613759
0.537552 0.611075
0.538212 0.608458
0.539477 0.605917
0.541312 0.603451
0.543682 0.601052
0.546556 0.598703
0.549900 0.596380
0.553685 0.594054
0.557878 0.591689
0.562449 0.589244
0.567367 0.586674
0.572600 0.583931
0.578113 0.580963
0.583869 0.577718
0.589828 0.574140
0.595948 0.570176
0.602181 0.565772
0.608474 0.560874
0.614772 0.555435
0.621014 0.549409
0.627135 0.542755
0.633066 0.535442
0.638735 0.527443
0.644066 0.518743
0.648983 0.509338
0.653407 0.499234
0.657260 0.488452
0.660464 0.477026
0.662945 0.465004
0.664627 0.452448
0.665443 0.439437
0.665326 0.426057
0.664217 0.412411
0.662061 0.398606
0.658811 0.384759
0.654426 0.370989
0.648876 0.357415
0.642138 0.344157
0.634199 0.331327
0.625059 0.319030
0.614729 0.307363
0.603232 0.296414
0.590608 0.286255
0.576909 0.276952
0.562202 0.268554
0.546572 0.261105
0.530114 0.254633
0.512941 0.249162
0.495174 0.244704
0.476945 0.241266
0.458391 0.238849
0.439654 0.237450
0.420875 0.237060
0.402190 0.237668
0.360781 0.244820
0.343893 0.248496
0.327521 0.253051
0.311736 0.258469
0.296595 0.264730
0.282142 0.271816
0.268412 0.279705
0.255426 0.288373
0.243197 0.297793
0.231730 0.307936
0.221020 0.318768
0.211058 0.330253
0.201829 0.342348
0.193313 0.355007
0.185487 0.368179
0.178326 0.381809
0.171801 0.395836
0.165885 0.410195
0.160545 0.424817
0.155752 0.439631
0.151475 0.454561
0.147680 0.469533
0.144337 0.484470
0.141414 0.499295
0.138879 0.513936
0.136702 0.528322
0.134850 0.542383
0.133295 0.556057
0.132005 0.569287
0.130951 0.582019
0.130104 0.594205
0.129435 0.605805
0.128917 0.616783
0.128522 0.627108
0.128225 0.636754
0.127999 0.645700
0.127823 0.653929
0.127672 0.661425
0.127526 0.668178
0.127367 0.674178
0.127175 0.679416
0.126937 0.683883
0.126639 0.687574
0.126270 0.690479
0.125821 0.692590
0.125288 0.693898
0.124667 0.694392
0.123958 0.694058
0.123164 0.692883
0.122291 0.690852
0.121347 0.687945
0.120344 0.684145
0.119296 0.679432
0.118220 0.673784
0.117138 0.667182
0.116071 0.659606
0.115044 0.651040
0.114085 0.641468
0.113226 0.630882
0.112497 0.619279
0.111934 0.606665
0.111574 0.593055
0.111455 0.578476
0.111621 0.562970
0.112113 0.546594
0.112978 0.529419
0.114265 0.511535
0.116024 0.493047
0.118308 0.474075
0.121173 0.454753
0.124677 0.435224
0.128882 0.415639
0.133851 0.396150
0.139648 0.376911
0.146342 0.358069
0.154000 0.339762
0.162691 0.322119
0.172482 0.305253
0.183437 0.289265
0.195617 0.274239
0.209073 0.260248
0.223847 0.247349
0.239966 0.235587
0.257440 0.225000
0.276255 0.215616
0.296371 0.207457
0.317718 0.200540
0.340194 0.194882
0.363660 0.190494
0.387947 0.187392
0.412852 0.185589
0.438147 0.185099
0.463587 0.185940
0.488915 0.188129
0.513876 0.191681
0.538222 0.196615
0.561724 0.202945
0.584177 0.210681
0.605404 0.219828
0.625259 0.230381
0.643627 0.242324
0.660421 0.255625
0.675582 0.270237
0.689072 0.286088
0.700874 0.303086
0.710987 0.321113
0.719420 0.340024
0.726196 0.359655
0.731344 0.379814
0.734899 0.400299
0.736905 0.420891
0.737409 0.441370
0.736466 0.461518
0.734138 0.481126
0.730493 0.500003
0.725608 0.517978
0.719569 0.534906
0.712473 0.550669
0.704423 0.565177
0.695536 0.578369
0.685935 0.590207
0.675751 0.600681
0.665123 0.609798
0.654190 0.617587
0.643094 0.624092
0.631976 0.629370
0.620968 0.633489
0.610198 0.636527
0.599782 0.638569
0.589824 0.639703
0.580414 0.640024
0.571626 0.639624
0.563522 0.638599
0.556145 0.637044
0.549529 0.635047
0.543689 0.632698
0.538633 0.630076
0.534357 0.627259
0.530848 0.624315
0.528087 0.621304
0.526047 0.618281
0.524701 0.615290
0.524016 0.612367
0.523958 0.609538
0.524495 0.606823
0.525591 0.604233
0.527214 0.601770
0.529332 0.599430
0.531915 0.597203
0.534935 0.595069
0.538363 0.593008
0.542175 0.590989
0.546345 0.588979
0.550849 0.586943
0.555663 0.584839
0.560762 0.582623
0.566120 0.580249
0.571711 0.577670
0.577503 0.574837
0.583465 0.571699
0.589561 0.568207
0.595753 0.564313
0.601996 0.559968
0.608243 0.555128
0.614445 0.549751
0.620545 0.543800
0.626485 0.537244
0.632202 0.530056
0.637633 0.522220
0.642710 0.513725
0.647364 0.504573
0.651528 0.494775
0.655131 0.484353
0.658106 0.473343
0.660386 0.461791
0.661908 0.449756
0.662611 0.437308
0.662436 0.424529
0.661333 0.411508
0.659254 0.398344
0.656156 0.385140
0.652006 0.372002
0.646775 0.359036
0.640442 0.346349
0.632997 0.334041
0.624437 0.322207
0.614771 0.310936
0.604018 0.300308
0.592210 0.290391
0.579389 0.281247
0.565613 0.272925
0.550950 0.265466
0.535484 0.258902
0.519306 0.253256
0.502523 0.248546
0.485247 0.244782
0.467598 0.241967
0.449700 0.240103
0.431680 0.239185
0.413661 0.239208
0.395764 0.240162
0.378103 0.242037
0.651574 0.292854
