0.710193 0.647145
0.732123 0.620161
0.734799 0.617991
0.716771 0.643533
0.686673 0.671811
0.669079 0.682740
0.680992 0.673463
0.715185 0.639605
0.741628 0.601738
0.755685 0.573613
0.758992 0.568138
0.751915 0.588452
0.731909 0.625688
0.698882 0.663640
0.661325 0.689581
0.634028 0.701042
0.628419 0.701624
0.646284 0.692933
0.679703 0.672516
0.720613 0.630896
0.746125 0.590070
0.761902 0.551197
0.769977 0.522935
0.773166 0.511567
0.772816 0.519775
0.767701 0.546370
0.754680 0.585936
0.730910 0.629439
0.696610 0.667337
0.656712 0.693667
0.619646 0.707806
0.593649 0.712995
0.583732 0.713239
0.591215 0.710552
0.614344 0.703858
0.648453 0.689904
0.686390 0.665631
0.726350 0.620921
0.749401 0.579842
0.764271 0.537703
0.772343 0.499960
0.775942 0.471244
0.777453 0.454631
0.778483 0.451737
0.779290 0.463069
0.778623 0.488040
0.774069 0.524495
0.762819 0.568214
0.742666 0.613244
0.713056 0.653431
0.675882 0.684353
0.635496 0.704406
0.597537 0.714662
0.567088 0.717918
0.547414 0.717472
0.539884 0.715970
0.544619 0.714614
0.560984 0.712882
0.587532 0.708787
0.621598 0.699537
0.659153 0.682478
0.695456 0.656103
0.732254 0.609576
0.752412 0.569211
0.765565 0.526810
0.772584 0.486011
0.774998 0.450099
0.774666 0.421477
0.773441 0.401581
0.772827 0.391128
0.773691 0.390464
0.776064 0.399794
0.779108 0.419172
0.781247 0.448241
0.780438 0.485785
0.774540 0.529325
0.761703 0.575130
0.740792 0.618852
0.711801 0.656576
0.676178 0.685730
0.636820 0.705430
0.597534 0.716322
0.562087 0.720165
0.533331 0.719323
0.512846 0.716252
0.501148 0.713026
0.498155 0.710985
0.503595 0.710552
0.517177 0.711220
0.538485 0.711677
0.566676 0.710041
0.600149 0.704191
0.636433 0.692148
0.672461 0.672482
0.705187 0.644705
0.738168 0.596763
0.755714 0.556466
0.766928 0.513974
0.772423 0.472060
0.773262 0.433284
0.770802 0.399597
0.766557 0.372199
0.762034 0.351641
0.758569 0.338064
0.757156 0.331453
0.758312 0.331820
0.761992 0.339313
0.767573 0.354202
0.773923 0.376755
0.779529 0.406994
0.782681 0.444353
0.781661 0.487365
0.774927 0.533537
0.761300 0.579612
0.740168 0.622196
0.711714 0.658473
0.677108 0.686684
0.638528 0.706241
0.598873 0.717576
0.561185 0.721895
0.528012 0.720909
0.501013 0.716578
0.480911 0.710844
0.467739 0.705391
0.461177 0.701454
0.460848 0.699714
0.466501 0.700266
0.478051 0.702649
0.495497 0.705912
0.518723 0.708717
0.547258 0.709478
0.580055 0.706528
0.615411 0.698313
0.651107 0.683588
0.684764 0.661623
0.714279 0.632399
0.743922 0.582392
0.758708 0.542706
0.767836 0.501038
0.771735 0.459549
0.771122 0.420260
0.766932 0.384761
0.760260 0.354079
0.752293 0.328698
0.744238 0.308696
0.737230 0.293908
0.732238 0.284088
0.729979 0.279026
0.730844 0.278641
0.734854 0.283015
0.741645 0.292405
0.750492 0.307208
0.760358 0.327870
0.769991 0.354745
0.778025 0.387887
0.783091 0.426810
0.783910 0.470282
0.779373 0.516283
0.768617 0.562207
0.751126 0.605306
0.726860 0.643196
0.696401 0.674211
0.661046 0.697527
0.622762 0.713088
0.583933 0.721454
0.546950 0.723640
0.513791 0.720980
0.485762 0.714988
0.463453 0.707223
0.446876 0.699143
0.435690 0.691982
0.429418 0.686657
0.427619 0.683728
0.430003 0.683390
0.436471 0.685494
0.447103 0.689577
0.462085 0.694893
0.481590 0.700461
0.505633 0.705119
0.533903 0.707608
0.565640 0.706656
0.599594 0.701087
0.634113 0.689915
0.667360 0.672458
0.697594 0.648445
0.723418 0.618133
0.749332 0.566389
0.761522 0.526961
0.768517 0.485914
0.770643 0.445056
0.768414 0.406065
0.762503 0.370276
0.753714 0.338572
0.742953 0.311388
0.731202 0.288790
0.719471 0.270591
0.708738 0.256471
0.699894 0.246073
0.693682 0.239074
0.690649 0.235244
0.691108 0.234475
0.695120 0.236805
0.702471 0.242424
0.712685 0.251664
0.725033 0.264976
0.738579 0.282880
0.752242 0.305882
0.764867 0.334357
0.775302 0.368384
0.782461 0.407564
0.785365 0.450871
0.783179 0.496618
0.775237 0.542611
0.761095 0.586475
0.740605 0.626052
0.714028 0.659708
0.682129 0.686464
0.646230 0.705974
0.608131 0.718413
0.569889 0.724355
0.533503 0.724670
0.500608 0.720445
0.472288 0.712911
0.449046 0.703361
0.430891 0.693055
0.417500 0.683131
0.408374 0.674532
0.402982 0.667956
0.400862 0.663848
0.401694 0.662406
0.405329 0.663603
0.411790 0.667211
0.421255 0.672811
0.433997 0.679813
0.450317 0.687468
0.470448 0.694894
0.494449 0.701112
0.522092 0.705097
0.552784 0.705838
0.585541 0.702394
0.619050 0.693959
0.651811 0.679922
0.682336 0.659935
0.709339 0.633994
0.731864 0.602515
0.754200 0.548706
0.763652 0.510556
0.768524 0.471257
0.769046 0.432251
0.765564 0.394869
0.758527 0.360181
0.748476 0.328926
0.736040 0.301497
0.721925 0.277994
0.706898 0.258293
0.691758 0.242126
0.677302 0.229151
0.664286 0.219001
0.653388 0.211331
0.645177 0.205846
0.640095 0.202323
0.638440 0.200623
0.640356 0.200710
0.645826 0.202649
0.654665 0.206612
0.666513 0.212872
0.680839 0.221799
0.696953 0.233837
0.714034 0.249482
0.731173 0.269236
0.747428 0.293539
0.761875 0.322680
0.773649 0.356674
0.781970 0.395138
0.786159 0.437193
0.785642 0.481446
0.779952 0.526111
0.768758 0.569235
0.751902 0.608984
0.729470 0.643881
0.701870 0.672933
0.669897 0.695633
0.634748 0.711893
0.597943 0.721954
0.561163 0.726304
0.526022 0.725619
0.493860 0.720723
0.465606 0.712553
0.441745 0.702113
0.422367 0.690423
0.407259 0.678456
0.396017 0.667084
0.388144 0.657028
0.383136 0.648839
0.380543 0.642890
0.380015 0.639390
0.381322 0.638406
0.384371 0.639878
0.389199 0.643636
0.395963 0.649406
0.404912 0.656817
0.416355 0.665392
0.430614 0.674560
0.447967 0.683658
0.468585 0.691955
0.492462 0.698678
0.519352 0.703042
0.548726 0.704292
0.579772 0.701732
0.611442 0.694762
0.642555 0.682914
0.671925 0.665887
0.698490 0.643598
0.721405 0.616239
0.740084 0.584323
0.758318 0.529330
0.765280 0.491678
0.768001 0.453350
0.766659 0.415591
0.761515 0.379521
0.752898 0.346035
0.741212 0.315742
0.726931 0.288973
0.710604 0.265810
0.692848 0.246150
0.674329 0.229756
0.655744 0.216316
0.637786 0.205478
0.621116 0.196889
0.606334 0.190212
0.593961 0.185143
0.584424 0.181428
0.578052 0.178872
0.575080 0.177343
0.575649 0.176782
0.579802 0.177209
0.587485 0.178720
0.598529 0.181489
0.612647 0.185769
0.629417 0.191881
0.648285 0.200213
0.668572 0.211207
0.689504 0.225337
0.710249 0.243089
0.729961 0.264911
0.747831 0.291155
0.763117 0.321986
0.775163 0.357289
0.783407 0.396564
0.787371 0.438867
0.786659 0.482836
0.780952 0.526810
0.770025 0.569041
0.753784 0.607931
0.732317 0.642207
0.705960 0.671010
0.675359 0.693887
0.641495 0.710733
0.605642 0.721706
0.569259 0.727163
0.533821 0.727615
0.500638 0.723695
0.470719 0.716138
0.444705 0.705763
0.422870 0.693441
0.405182 0.680050
0.391377 0.666435
0.381046 0.653357
0.373708 0.641455
0.368866 0.631232
0.366059 0.623046
0.364894 0.617121
0.365069 0.613566
0.366385 0.612399
0.368752 0.613562
0.372190 0.616931
0.376816 0.622329
0.382831 0.629515
0.390508 0.638186
0.400162 0.647970
0.412121 0.658418
0.426696 0.669011
0.444129 0.679166
0.464554 0.688255
0.487938 0.695626
0.514045 0.700631
0.542404 0.702649
0.572314 0.701110
0.602880 0.695518
0.633091 0.685473
0.661918 0.670697
0.688414 0.651070
0.711790 0.626667
0.731456 0.597804
0.747030 0.565071
0.761465 0.508298
0.765920 0.472000
0.766571 0.435497
0.763551 0.399805
0.757041 0.365822
0.747274 0.334255
0.734533 0.305589
0.719161 0.280092
0.701559 0.257840
0.682195 0.238759
0.661590 0.222670
0.640309 0.209320
0.618939 0.198419
0.598062 0.189658
0.578234 0.182728
0.559957 0.177332
0.543668 0.173191
0.529732 0.170055
0.518441 0.167708
0.510022 0.165973
0.504644 0.164714
0.502426 0.163848
0.503444 0.163340
0.507736 0.163211
0.515290 0.163536
0.526044 0.164447
0.539866 0.166127
0.556540 0.168811
0.575749 0.172782
0.597065 0.178368
0.619952 0.185935
0.643774 0.195882
0.667826 0.208628
0.691368 0.224595
0.713673 0.244185
0.734055 0.267732
0.751904 0.295450
0.766694 0.327357
0.777983 0.363198
0.785403 0.402380
0.788650 0.443950
0.787469 0.486638
0.781657 0.528981
0.771074 0.569492
0.755668 0.606837
0.735522 0.639962
0.710898 0.668146
0.682294 0.690994
0.650467 0.708380
0.616422 0.720390
0.581351 0.727267
0.546517 0.729369
0.513124 0.727151
0.482190 0.721152
0.454463 0.711988
0.430397 0.700335
0.410161 0.686915
0.393692 0.672463
0.380748 0.657695
0.370972 0.643265
0.363939 0.629744
0.359201 0.617591
0.356323 0.607152
0.354906 0.598662
0.354607 0.592260
0.355156 0.588003
0.356357 0.585890
0.358101 0.585875
0.360357 0.587878
0.363170 0.591795
0.366660 0.597493
0.371007 0.604811
0.376445 0.613551
0.383245 0.623469
0.391704 0.634270
0.402123 0.645604
0.414784 0.657061
0.429923 0.668186
0.447699 0.678480
0.468160 0.687424
0.491207 0.694494
0.516573 0.699177
0.543808 0.700990
0.572288 0.699497
0.601251 0.694315
0.629856 0.685137
0.657254 0.671743
0.682655 0.654025
0.705389 0.632017
0.724933 0.605926
0.740921 0.576160
0.753131 0.543343
0.763409 0.485703
0.765470 0.450687
0.764059 0.415905
0.759276 0.382198
0.751257 0.350288
0.740171 0.320730
0.726228 0.293898
0.709689 0.269995
0.690867 0.249074
0.670132 0.231073
0.647913 0.215843
0.624684 0.203176
0.600953 0.192832
0.577238 0.184550
0.554045 0.178064
0.531845 0.173110
0.511058 0.169430
0.492037 0.166778
0.475070 0.164925
0.460380 0.163661
0.448134 0.162798
0.438452 0.162174
0.431422 0.161660
0.427110 0.161158
0.425567 0.160609
0.426835 0.159993
0.430952 0.159330
0.437945 0.158682
0.447825 0.158154
0.460579 0.157887
0.476147 0.158063
0.494412 0.158897
0.515176 0.160636
0.538142 0.163559
0.562913 0.167969
0.588983 0.174197
0.615759 0.182592
0.642584 0.193519
0.668777 0.207348
0.693674 0.224437
0.716659 0.245105
0.737191 0.269595
0.754815 0.298022
0.769158 0.330309
0.779922 0.366130
0.786865 0.404863
0.789786 0.445588
0.788519 0.487136
0.782929 0.528203
0.772923 0.567485
0.758469 0.603823
0.739634 0.636296
0.716623 0.664262
0.689821 0.687350
0.659820 0.705418
0.627429 0.718499
0.593633 0.726756
0.559523 0.730450
0.526195 0.729917
0.494642 0.725561
0.465672 0.717850
0.439854 0.707313
0.417515 0.694532
0.398756 0.680129
0.383495 0.664742
0.371508 0.648995
0.362475 0.633473
0.356022 0.618688
0.351743 0.605066
0.349235 0.592936
0.348115 0.582529
0.348035 0.573990
0.348695 0.567390
0.349853 0.562742
0.351326 0.560021
0.352996 0.559173
0.354809 0.560132
0.356770 0.562818
0.358940 0.567147
0.361436 0.573026
0.364419 0.580348
0.368089 0.588987
0.372681 0.598789
0.378452 0.609561
0.385675 0.621070
0.394620 0.633034
0.405544 0.645125
0.418668 0.656972
0.434160 0.668169
0.452108 0.678285
0.472493 0.686883
0.495173 0.693528
0.519861 0.697804
0.546125 0.699324
0.573400 0.697738
0.601020 0.692743
0.628262 0.684095
0.654403 0.671617
0.678769 0.655217
0.700781 0.634914
0.719975 0.610856
0.736011 0.583348
0.748665 0.552866
0.757813 0.520056
0.763906 0.461708
0.763638 0.428037
0.760161 0.395006
0.753554 0.363305
0.743917 0.333508
0.731382 0.306042
0.716116 0.281185
0.698328 0.259078
0.678276 0.239748
0.656274 0.223128
0.632692 0.209090
0.607948 0.197458
0.582496 0.188030
0.556810 0.180588
0.531358 0.174907
0.506584 0.170760
0.482887 0.167923
0.460606 0.166177
0.440018 0.165308
0.421330 0.165110
0.404690 0.165389
0.390198 0.165962
0.377911 0.166662
0.367859 0.167338
0.360057 0.167863
0.354511 0.168134
0.351231 0.168074
0.350232 0.167640
0.351540 0.166818
0.355194 0.165629
0.361243 0.164127
0.369744 0.162400
0.380753 0.160567
0.394317 0.158775
0.410458 0.157200
0.429158 0.156040
0.450338 0.155515
0.473840 0.155865
0.499410 0.157345
0.526687 0.160231
0.555204 0.164809
0.584405 0.171383
0.613664 0.180266
0.642333 0.191781
0.669772 0.206246
0.695392 0.223959
0.718678 0.245176
0.739204 0.270070
0.756628 0.298693
0.770687 0.330914
0.781179 0.366378
0.787943 0.404471
0.790848 0.444327
0.789784 0.484874
0.784658 0.524935
0.775405 0.563341
0.762003 0.599048
0.744501 0.631220
0.723055 0.659259
0.697961 0.682801
0.669686 0.701683
0.638882 0.715897
0.606367 0.725547
0.573084 0.730825
0.540023 0.731983
0.508135 0.729329
0.478248 0.723225
0.451015 0.714083
0.426877 0.702371
0.406074 0.688604
0.388662 0.673334
0.374545 0.657128
0.363518 0.640550
0.355292 0.624128
0.349530 0.608336
0.345866 0.593572
0.343931 0.580149
0.343360 0.568294
0.343817 0.558152
0.344993 0.549796
0.346626 0.543247
0.348498 0.538480
0.350441 0.535445
0.352339 0.534079
0.354125 0.534310
0.355782 0.536066
0.357339 0.539283
0.358866 0.543894
0.360473 0.549840
0.362304 0.557053
0.364535 0.565458
0.367367 0.574962
0.371023 0.585448
0.375742 0.596764
0.381768 0.608723
0.389346 0.621096
0.398708 0.633612
0.410059 0.645962
0.423566 0.657806
0.439335 0.668778
0.457396 0.678503
0.477682 0.686606
0.500016 0.692719
0.524099 0.696496
0.549517 0.697619
0.575749 0.695801
0.602199 0.690796
0.628234 0.682407
0.653225 0.670489
0.676589 0.654970
0.697817 0.635862
0.716500 0.613284
0.732327 0.587480
0.745082 0.558835
0.754632 0.527874
0.760911 0.495249
0.762700 0.436548
0.760173 0.404623
0.754697 0.373678
0.746333 0.344260
0.735159 0.316805
0.721281 0.291626
0.704834 0.268918
0.685992 0.248769
0.664978 0.231181
0.642064 0.216091
0.617575 0.203383
0.591885 0.192913
0.565403 0.184514
0.538561 0.178007
0.511792 0.173210
0.485510 0.169936
0.460092 0.167999
0.435860 0.167216
0.413078 0.167404
0.391945 0.168383
0.372598 0.169976
0.355121 0.172007
0.339555 0.174309
0.325904 0.176718
0.314151 0.179081
0.304265 0.181256
0.296206 0.183113
0.289941 0.184544
0.285439 0.185458
0.282683 0.185788
0.281671 0.185492
0.282416 0.184556
0.284951 0.182994
0.289326 0.180846
0.295606 0.178183
0.303875 0.175101
0.314223 0.171720
0.326745 0.168183
0.341531 0.164653
0.358652 0.161308
0.378150 0.158340
0.400012 0.155953
0.424159 0.154361
0.450426 0.153784
0.478543 0.154456
0.508137 0.156614
0.538730 0.160509
0.569763 0.166399
0.600625 0.174550
0.630691 0.185236
0.659364 0.198726
0.686103 0.215277
0.710451 0.235109
0.732037 0.258384
0.750581 0.285164
0.765871 0.315370
0.777756 0.348743
0.786122 0.384809
0.790881 0.422875
0.791957 0.462050
0.789282 0.501315
0.782803 0.539613
0.772485 0.575944
0.758334 0.609453
0.740419 0.639476
0.718902 0.665556
0.694068 0.687425
0.666348 0.704972
0.636329 0.718209
0.604739 0.727232
0.572412 0.732202
0.540225 0.733328
0.509032 0.730860
0.479593 0.725093
0.452523 0.716364
0.428268 0.705056
0.407095 0.691599
0.389114 0.676464
0.374296 0.660149
0.362504 0.643162
0.353523 0.625999
0.347076 0.609125
0.342856 0.592950
0.340533 0.577816
0.339771 0.563990
0.340245 0.551662
0.341642 0.540950
0.343678 0.531908
0.346098 0.524542
0.348685 0.518818
0.351261 0.514680
0.353690 0.512054
0.355875 0.510864
0.357762 0.511035
0.359332 0.512498
0.360602 0.515195
0.361624 0.519077
0.362477 0.524102
0.363270 0.530235
0.364135 0.537440
0.365228 0.545678
0.366723 0.554898
0.368812 0.565031
0.371700 0.575984
0.375600 0.587635
0.380728 0.599828
0.387299 0.612369
0.395513 0.625030
0.405553 0.637549
0.417567 0.649637
0.431661 0.660983
0.447877 0.671265
0.466187 0.680158
0.486475 0.687344
0.508530 0.692521
0.532041 0.695403
0.556606 0.695734
0.581746 0.693284
0.606928 0.687858
0.631602 0.679302
0.655227 0.667507
0.677309 0.652422
0.697416 0.634067
0.715198 0.612550
0.730383 0.588081
0.742780 0.560981
0.752262 0.531692
0.758757 0.500761
0.762236 0.468820
0.759523 0.410533
0.754823 0.380695
0.747425 0.352102
0.737378 0.325165
0.724744 0.300201
0.709614 0.277427
0.692102 0.256967
0.672364 0.238869
0.650597 0.223116
0.627045 0.209644
0.602003 0.198354
0.575808 0.189125
0.548832 0.181823
0.521468 0.176304
0.494115 0.172421
0.467153 0.170027
0.440933 0.168974
0.415758 0.169114
0.391874 0.170300
0.369473 0.172385
0.348683 0.175219
0.329584 0.178653
0.312209 0.182538
0.296554 0.186722
0.282589 0.191056
0.270263 0.195392
0.259517 0.199586
0.250283 0.203502
0.242499 0.207011
0.236102 0.209997
0.231042 0.212358
0.227277 0.214010
0.224779 0.214884
0.223534 0.214938
0.223546 0.214149
0.224831 0.212519
0.227426 0.210074
0.231384 0.206864
0.236774 0.202963
0.243682 0.198468
0.252207 0.193493
0.262461 0.188175
0.274563 0.182661
0.288633 0.177113
0.304785 0.171703
0.323113 0.166607
0.343681 0.162008
0.366506 0.158091
0.391536 0.155045
0.418639 0.153058
0.447585 0.152325
0.478039 0.153043
0.509566 0.155416
0.541646 0.159654
0.573703 0.165976
0.605138 0.174605
0.635371 0.185770
0.663873 0.199692
0.690188 0.216578
0.713951 0.236598
0.734881 0.259863
0.752776 0.286392
0.767497 0.316081
0.778949 0.348664
0.787065 0.383692
0.791794 0.420534
0.793092 0.458395
0.790919 0.496373
0.785235 0.533532
0.776018 0.568983
0.763266 0.601952
0.747026 0.631823
0.727410 0.658155
0.704625 0.680671
0.678991 0.699233
0.650959 0.713812
0.621107 0.724461
0.590121 0.731289
0.558760 0.734447
0.527799 0.734122
0.497975 0.730530
0.469933 0.723924
0.444190 0.714594
0.421120 0.702869
0.400949 0.689123
0.383771 0.673765
0.369566 0.657232
0.358225 0.639979
0.349567 0.622453
0.343363 0.605084
0.339349 0.588258
0.337238 0.572308
0.336734 0.557504
0.337539 0.544044
0.339365 0.532063
0.341935 0.521635
0.344996 0.512781
0.348320 0.505481
0.351709 0.499685
0.354996 0.495323
0.358049 0.492314
0.360770 0.490574
0.363093 0.490021
0.364980 0.490583
0.366427 0.492196
0.367453 0.494810
0.368101 0.498386
0.368438 0.502898
0.368551 0.508325
0.368544 0.514656
0.368540 0.521878
0.368678 0.529978
0.369108 0.538931
0.369997 0.548703
0.371519 0.559238
0.373856 0.570457
0.377196 0.582253
0.381726 0.594491
0.387628 0.607001
0.395074 0.619584
0.404217 0.632014
0.415183 0.644040
0.428063 0.655396
0.442899 0.665804
0.459676 0.674986
0.478308 0.682666
0.498636 0.688581
0.520419 0.692483
0.543339 0.694145
0.567008 0.693361
0.590986 0.689954
0.614804 0.683773
0.637986 0.674703
0.660078 0.662668
0.680667 0.647643
0.699396 0.629662
0.715975 0.608832
0.730179 0.585344
0.741844 0.559483
0.750860 0.531629
0.757158 0.502250
0.760705 0.471885
0.761491 0.441116
0.754092 0.384044
0.747266 0.356401
0.737949 0.330204
0.726183 0.305753
0.712027 0.283267
0.695561 0.262885
0.676898 0.244677
0.656185 0.228658
0.633610 0.214795
0.609408 0.203023
0.583855 0.193255
0.557270 0.185389
0.530000 0.179312
0.502412 0.174909
0.474871 0.172064
0.447731 0.170658
0.421311 0.170576
0.395890 0.171700
0.371694 0.173915
0.348898 0.177103
0.327619 0.181144
0.307928 0.185917
0.289850 0.191294
0.273379 0.197149
0.258477 0.203347
0.245088 0.209752
0.233143 0.216228
0.222566 0.222636
0.213276 0.228839
0.205195 0.234703
0.198248 0.240101
0.192365 0.244912
0.187488 0.249026
0.183564 0.252347
0.180552 0.254792
0.178424 0.256296
0.177163 0.256809
0.176763 0.256305
0.177232 0.254776
0.178594 0.252234
0.180882 0.248714
0.184148 0.244272
0.188455 0.238985
0.193880 0.232949
0.200517 0.226277
0.208471 0.219101
0.217859 0.211562
0.228808 0.203815
0.241452 0.196019
0.255925 0.188342
0.272355 0.180950
0.290856 0.174011
0.311513 0.167690
0.334369 0.162150
0.359407 0.157552
0.386537 0.154056
0.415573 0.151820
0.446235 0.151004
0.478138 0.151774
0.510810 0.154297
0.543709 0.158750
0.576261 0.165317
0.607892 0.174186
0.638067 0.185548
0.666316 0.199589
0.692252 0.216478
0.715576 0.236349
0.736069 0.259284
0.753585 0.285279
0.768028 0.314223
0.779342 0.345863
0.787491 0.379792
0.792451 0.415441
0.794197 0.452104
0.792705 0.488977
0.787951 0.525223
0.779916 0.560033
0.768594 0.592690
0.754014 0.622610
0.736249 0.649353
0.715445 0.672628
0.691836 0.692270
0.665764 0.708214
0.637681 0.720476
0.608147 0.729123
0.577805 0.734266
0.547345 0.736041
0.517459 0.734613
0.488792 0.730172
0.461905 0.722936
0.437245 0.713159
0.415134 0.701128
0.395769 0.687172
0.379236 0.671653
0.365525 0.654963
0.354546 0.637511
0.346149 0.619711
0.340141 0.601962
0.336294 0.584632
0.334358 0.568046
0.334069 0.552475
0.335160 0.538127
0.337362 0.525152
0.340415 0.513641
0.344072 0.503631
0.348104 0.495120
0.352303 0.488069
0.356488 0.482413
0.360505 0.478073
0.364227 0.474961
0.367558 0.472985
0.370428 0.472059
0.372793 0.472103
0.374633 0.473048
0.375950 0.474837
0.376768 0.477425
0.377127 0.480782
0.377083 0.484889
0.376709 0.489736
0.376089 0.495323
0.375323 0.501654
0.374521 0.508735
0.373805 0.516569
0.373308 0.525154
0.373173 0.534477
0.373549 0.544507
0.374595 0.555199
0.376472 0.566482
0.379344 0.578260
0.383375 0.590409
0.388721 0.602780
0.395529 0.615194
0.403932 0.627452
0.414036 0.639333
0.425920 0.650601
0.439622 0.661014
0.455134 0.670326
0.472391 0.678296
0.491267 0.684692
0.511569 0.689292
0.533037 0.691894
0.555354 0.692313
0.578150 0.690386
0.601022 0.685970
0.623554 0.678952
0.645333 0.669248
0.665974 0.656808
0.685131 0.641630
0.702508 0.623760
0.717865 0.603311
0.731014 0.580467
0.741819 0.555490
0.750184 0.528720
0.756050 0.500574
0.759381 0.471523
0.760164 0.442077
0.758397 0.412752
0.746111 0.357515
0.737252 0.332338
0.726106 0.308725
0.712715 0.286880
0.697137 0.266942
0.679455 0.248991
0.659782 0.233055
0.638263 0.219125
0.615086 0.207160
0.590476 0.197097
0.564699 0.188859
0.538055 0.182362
0.510867 0.177514
0.483470 0.174224
0.456199 0.172401
0.429370 0.171954
0.403271 0.172793
0.378151 0.174829
0.354210 0.177974
0.331602 0.182139
0.310433 0.187231
0.290763 0.193156
0.272614 0.199815
0.255976 0.207105
0.240814 0.214916
0.227072 0.223133
0.214682 0.231636
0.203567 0.240301
0.193646 0.249000
0.184835 0.257601
0.177054 0.265974
0.170223 0.273991
0.164271 0.281524
0.159129 0.288454
0.154738 0.294667
0.151043 0.300062
0.148001 0.304545
0.145575 0.308037
0.143737 0.310471
0.142468 0.311795
0.141757 0.311975
0.141606 0.310990
0.142023 0.308838
0.143027 0.305534
0.144649 0.301111
0.146928 0.295621
0.149915 0.289133
0.153673 0.281734
0.158275 0.273530
0.163807 0.264638
0.170365 0.255193
0.178056 0.245339
0.187000 0.235228
0.197325 0.225019
0.209164 0.214872
0.222656 0.204948
0.237938 0.195405
0.255139 0.186396
0.274368 0.178066
0.295707 0.170558
0.319194 0.164006
0.344806 0.158539
0.372448 0.154284
0.401935 0.151366
0.432987 0.149912
0.465229 0.150051
0.498204 0.151918
0.531391 0.155654
0.564240 0.161409
0.596204 0.169337
0.626775 0.179598
0.655507 0.192349
0.682033 0.207736
0.706074 0.225884
0.727425 0.246877
0.745953 0.270739
0.761577 0.297410
0.774254 0.326720
0.783962 0.358375
0.790692 0.391942
0.794437 0.426860
0.795188 0.462460
0.792931 0.498010
0.787651 0.532766
0.779334 0.566029
0.767983 0.597185
0.753624 0.625739
0.736325 0.651321
0.716214 0.673684
0.693494 0.692688
0.668457 0.708275
0.641493 0.720455
0.613082 0.729280
0.583783 0.734837
0.554206 0.737238
0.524970 0.736613
0.496673 0.733113
0.469848 0.726912
0.444941 0.718212
0.422295 0.707243
0.402144 0.694272
0.384624 0.679599
0.369777 0.663556
0.357573 0.646502
0.347920 0.628809
0.340678 0.610852
0.335671 0.592995
0.332696 0.575571
0.331533 0.558879
0.331948 0.543164
0.333699 0.528624
0.336546 0.515396
0.340251 0.503568
0.344583 0.493181
0.349326 0.484232
0.354282 0.476688
0.359269 0.470490
0.364131 0.465558
0.368735 0.461806
0.372972 0.459139
0.376756 0.457464
0.380028 0.456693
0.382747 0.456744
0.384893 0.457547
0.386465 0.459042
0.387477 0.461182
0.387958 0.463933
0.387949 0.467274
0.387502 0.471193
0.386680 0.475691
0.385557 0.480774
0.384213 0.486457
0.382740 0.492757
0.381237 0.499691
0.379810 0.507274
0.378577 0.515516
0.377659 0.524417
0.377186 0.533964
0.377293 0.544130
0.378120 0.554866
0.379809 0.566105
0.382500 0.577753
0.386335 0.589696
0.391445 0.601794
0.397954 0.613886
0.405969 0.625791
0.415579 0.637311
0.426845 0.648240
0.439794 0.658365
0.454415 0.667469
0.470651 0.675342
0.488391 0.681780
0.507472 0.686592
0.527676 0.689597
0.548733 0.690633
0.570329 0.689555
0.592120 0.686235
0.613743 0.680566
0.634837 0.672467
0.655053 0.661882
0.674071 0.648791
0.691610 0.633210
0.707430 0.615207
0.721341 0.594902
0.733193 0.572479
0.742876 0.548186
0.750313 0.522338
0.755454 0.495306
0.758269 0.467510
0.758743 0.439394
0.756871 0.411408
0.752657 0.383984
0.735275 0.331421
0.724423 0.308779
0.711465 0.287760
0.696449 0.268494
0.679439 0.251058
0.660525 0.235487
0.639830 0.221781
0.617506 0.209915
0.593745 0.199842
0.568773 0.191503
0.542850 0.184831
0.516262 0.179755
0.489312 0.176202
0.462309 0.174099
0.435554 0.173374
0.409329 0.173959
0.383886 0.175786
0.359440 0.178787
0.336164 0.182898
0.314186 0.188052
0.293592 0.194179
0.274432 0.201208
0.256718 0.209063
0.240437 0.217664
0.225553 0.226922
0.212012 0.236745
0.199749 0.247030
0.188690 0.257671
0.178756 0.268552
0.169868 0.279556
0.161946 0.290558
0.154911 0.301432
0.148687 0.312053
0.143205 0.322295
0.138398 0.332036
0.134204 0.341160
0.130568 0.349556
0.127441 0.357123
0.124779 0.363767
0.122543 0.369406
0.120704 0.373966
0.119236 0.377388
0.118120 0.379621
0.117346 0.380626
0.116909 0.380378
0.116811 0.378863
0.117061 0.376079
0.117676 0.372038
0.118680 0.366769
0.120105 0.360311
0.121992 0.352722
0.124387 0.344074
0.127349 0.334457
0.130941 0.323976
0.135240 0.312748
0.140329 0.300908
0.146302 0.288600
0.153263 0.275976
0.161325 0.263195
0.170610 0.250419
0.181247 0.237807
0.193371 0.225517
0.207120 0.213699
0.222629 0.202495
0.240022 0.192038
0.259409 0.182451
0.280867 0.173850
0.304434 0.166340
0.330089 0.160022
0.357742 0.154994
0.387219 0.151351
0.418255 0.149189
0.450496 0.148609
0.483505 0.149715
0.516789 0.152621
0.549822 0.157447
0.582078 0.164319
0.613065 0.173371
0.642350 0.184738
0.669572 0.198547
0.694455 0.214914
0.716796 0.233928
0.736463 0.255632
0.753377 0.280010
0.767499 0.306962
0.778816 0.336288
0.787329 0.367672
0.793041 0.400683
0.795957 0.434780
0.796075 0.469343
0.793387 0.503706
0.787882 0.537207
0.779551 0.569227
0.768398 0.599230
0.754446 0.626783
0.737753 0.651562
0.718428 0.673346
0.696642 0.692008
0.672646 0.707493
0.646770 0.719800
0.619429 0.728970
0.591110 0.735072
0.562352 0.738193
0.533715 0.738440
0.505751 0.735933
0.478970 0.730812
0.453816 0.723238
0.430646 0.713395
0.409727 0.701500
0.391234 0.687799
0.375258 0.672572
0.361817 0.656126
0.350870 0.638794
0.342325 0.620920
0.336054 0.602848
0.331897 0.584914
0.329672 0.567426
0.329182 0.550661
0.330216 0.534848
0.332558 0.520172
0.335987 0.506765
0.340284 0.494714
0.345235 0.484059
0.350635 0.474804
0.356291 0.466919
0.362027 0.460349
0.367687 0.455021
0.373131 0.450848
0.378244 0.447737
0.382933 0.445592
0.387123 0.444320
0.390762 0.443830
0.393816 0.444041
0.396267 0.444882
0.398113 0.446290
0.399365 0.448217
0.400044 0.450625
0.400185 0.453487
0.399826 0.456791
0.399018 0.460530
0.397816 0.464711
0.396283 0.469348
0.394487 0.474457
0.392504 0.480065
0.390415 0.486195
0.388308 0.492873
0.386277 0.500122
0.384423 0.507959
0.382852 0.516393
0.381677 0.525424
0.381014 0.535035
0.380985 0.545196
0.381713 0.555858
0.383322 0.566951
0.385937 0.578387
0.389677 0.590055
0.394655 0.601824
0.400974 0.613546
0.408725 0.625054
0.417978 0.636171
0.428781 0.646712
0.441152 0.656486
0.455076 0.665301
0.470498 0.672972
0.487320 0.679317
0.505397 0.684165
0.524540 0.687360
0.544514 0.688754
0.565049 0.688217
0.585843 0.685635
0.606580 0.680909
0.626938 0.673963
0.646603 0.664739
0.665281 0.653209
0.682710 0.639374
0.698660 0.623274
0.712941 0.604992
0.725400 0.584661
0.735918 0.562467
0.744410 0.538653
0.750814 0.513514
0.755090 0.487392
0.757212 0.460665
0.757165 0.433728
0.754945 0.406977
0.750552 0.380788
0.743991 0.355504
0.721270 0.306249
0.708470 0.286194
0.693736 0.267770
0.677124 0.251047
0.658713 0.236060
0.638606 0.222812
0.616940 0.211284
0.593879 0.201442
0.569623 0.193237
0.544402 0.186616
0.518471 0.181521
0.492103 0.177892
0.465581 0.175672
0.439185 0.174803
0.413183 0.175232
0.387821 0.176905
0.363312 0.179774
0.339837 0.183789
0.317534 0.188902
0.296508 0.195066
0.276822 0.202230
0.258510 0.210341
0.241577 0.219342
0.226002 0.229170
0.211749 0.239757
0.198764 0.251026
0.186987 0.262893
0.176347 0.275266
0.166772 0.288045
0.158186 0.301123
0.150515 0.314384
0.143684 0.327713
0.137621 0.340985
0.132258 0.354079
0.127529 0.366871
0.123373 0.379243
0.119731 0.391080
0.116551 0.402272
0.113783 0.412719
0.111382 0.422326
0.109309 0.431010
0.107526 0.438696
0.106005 0.445317
0.104717 0.450816
0.103642 0.455144
0.102763 0.458259
0.102068 0.460129
0.101550 0.460725
0.101208 0.460031
0.101045 0.458033
0.101071 0.454727
0.101299 0.450119
0.101750 0.444223
0.102449 0.437062
0.103428 0.428674
0.104724 0.419109
0.106380 0.408429
0.108447 0.396716
0.110982 0.384065
0.114048 0.370585
0.117717 0.356406
0.122068 0.341665
0.127189 0.326515
0.133174 0.311115
0.140128 0.295631
0.148163 0.280227
0.157400 0.265069
0.167965 0.250312
0.179989 0.236105
0.193607 0.222585
0.208949 0.209879
0.226137 0.198097
0.245276 0.187342
0.266447 0.177703
0.289689 0.169261
0.314990 0.162091
0.342273 0.156264
0.371382 0.151850
0.402078 0.148920
0.434034 0.147548
0.466846 0.147815
0.500049 0.149808
0.533145 0.153623
0.565626 0.159364
0.597012 0.167141
0.626874 0.177067
0.654848 0.189257
0.680650 0.203816
0.704069 0.220835
0.724962 0.240373
0.743246 0.262447
0.758878 0.287011
0.771845 0.313943
0.782152 0.343028
0.789811 0.373948
0.794836 0.406287
0.797236 0.439535
0.797012 0.473121
0.794162 0.506439
0.788676 0.538894
0.780548 0.569930
0.769779 0.599067
0.756388 0.625914
0.740422 0.650177
0.721970 0.671652
0.701175 0.690216
0.678245 0.705811
0.653461 0.718426
0.627179 0.728091
0.599819 0.734857
0.571860 0.738796
0.543807 0.739992
0.516171 0.738544
0.489439 0.734562
0.464049 0.728175
0.440371 0.719532
0.418698 0.708805
0.399241 0.696197
0.382132 0.681939
0.367435 0.666292
0.355153 0.649546
0.345239 0.632009
0.337605 0.614002
0.332134 0.595848
0.328681 0.577859
0.327082 0.560324
0.327159 0.543501
0.328721 0.527610
0.331572 0.512825
0.335509 0.499277
0.340328 0.487049
0.345829 0.476186
0.351818 0.466696
0.358108 0.458554
0.364528 0.451711
0.370921 0.446100
0.377145 0.441638
0.383081 0.438233
0.388627 0.435790
0.393701 0.434212
0.398240 0.433406
0.402199 0.433282
0.405550 0.433759
0.408278 0.434765
0.410384 0.436238
0.411877 0.438125
0.412776 0.440386
0.413110 0.442992
0.412913 0.445923
0.412225 0.449172
0.411091 0.452739
0.409561 0.456633
0.407691 0.460872
0.405537 0.465476
0.403163 0.470473
0.400638 0.475893
0.398032 0.481767
0.395423 0.488123
0.392895 0.494990
0.390534 0.502390
0.388433 0.510338
0.386691 0.518838
0.385408 0.527887
0.384692 0.537464
0.384651 0.547535
0.385394 0.558047
0.387031 0.568931
0.389671 0.580099
0.393416 0.591443
0.398365 0.602841
0.404603 0.614153
0.412205 0.625227
0.421228 0.635900
0.431708 0.646005
0.443654 0.655370
0.457047 0.663823
0.471833 0.671197
0.487919 0.677330
0.505175 0.682071
0.523432 0.685277
0.542481 0.686817
0.562082 0.686575
0.581970 0.684446
0.601862 0.680341
0.621473 0.674188
0.640518 0.665932
0.658730 0.655542
0.675865 0.643011
0.691706 0.628363
0.706070 0.611658
0.718805 0.592996
0.729792 0.572523
0.738937 0.550431
0.746174 0.526959
0.751455 0.502392
0.754747 0.477048
0.756031 0.451271
0.755294 0.425415
0.752531 0.399830
0.747740 0.374846
0.740926 0.350758
0.732098 0.327823
0.705749 0.653610
