0.575621 0.259233
0.555335 0.248509
0.555844 0.247061
0.577285 0.256048
0.601248 0.271022
0.610134 0.279541
0.599426 0.273452
0.567051 0.256869
0.538808 0.244095
0.520683 0.236854
0.519517 0.234754
0.536356 0.238156
0.565454 0.248398
0.596518 0.265173
0.620059 0.284008
0.631559 0.297470
0.630757 0.299755
0.618545 0.290338
0.596117 0.273850
0.557627 0.254424
0.527530 0.242293
0.501813 0.234311
0.484933 0.229609
0.479986 0.227197
0.488194 0.226842
0.508615 0.229398
0.537970 0.236377
0.571021 0.248905
0.601979 0.266576
0.626396 0.286880
0.642295 0.305706
0.649877 0.318805
0.650264 0.323316
0.644257 0.318564
0.631855 0.306029
0.612738 0.288780
0.587310 0.270515
0.547322 0.251974
0.517465 0.241205
0.489474 0.233853
0.465998 0.229246
0.449231 0.226423
0.440724 0.224499
0.441374 0.222991
0.451419 0.222024
0.470350 0.222347
0.496734 0.225137
0.528114 0.231631
0.561226 0.242680
0.592616 0.258331
0.619430 0.277579
0.639997 0.298399
0.653949 0.318144
0.661914 0.334168
0.664973 0.344422
0.664114 0.347787
0.659843 0.344123
0.652069 0.334163
0.640248 0.319357
0.623748 0.301671
0.602291 0.283293
0.576346 0.266237
0.536111 0.249599
0.507249 0.240366
0.479152 0.234030
0.453466 0.230133
0.431625 0.227997
0.414756 0.226854
0.403665 0.225992
0.398888 0.224889
0.400751 0.223323
0.409387 0.221441
0.424693 0.219746
0.446218 0.219031
0.473033 0.220245
0.503649 0.224323
0.536082 0.232012
0.568093 0.243689
0.597557 0.259224
0.622828 0.277902
0.642954 0.298449
0.657715 0.319195
0.667499 0.338344
0.673083 0.354269
0.675388 0.365740
0.675240 0.372022
0.673194 0.372859
0.669445 0.368406
0.663814 0.359166
0.655834 0.345939
0.644890 0.329795
0.630400 0.312006
0.612002 0.293934
0.589722 0.276866
0.564082 0.261858
0.523977 0.247388
0.495702 0.239529
0.467765 0.234271
0.441322 0.231276
0.417401 0.230051
0.396828 0.230004
0.380215 0.230510
0.367985 0.230979
0.360424 0.230923
0.357734 0.230023
0.360069 0.228175
0.367548 0.225516
0.380224 0.222420
0.398027 0.219460
0.420669 0.217353
0.447550 0.216874
0.477696 0.218775
0.509764 0.223695
0.542154 0.232076
0.573216 0.244086
0.601472 0.259552
0.625815 0.277927
0.645609 0.298303
0.660700 0.319489
0.671345 0.340156
0.678105 0.359008
0.681716 0.374941
0.682958 0.387143
0.682534 0.395119
0.680978 0.398664
0.678591 0.397806
0.675416 0.392750
0.671257 0.383849
0.665718 0.371597
0.658281 0.356635
0.648387 0.339745
0.635534 0.321826
0.619370 0.303832
0.599783 0.286689
0.576959 0.271203
0.551415 0.257982
0.510913 0.245432
0.483600 0.238988
0.456444 0.234857
0.430279 0.232794
0.405852 0.232452
0.383773 0.233406
0.364502 0.235181
0.348355 0.237283
0.335535 0.239235
0.326169 0.240608
0.320340 0.241063
0.318126 0.240377
0.319611 0.238472
0.324901 0.235428
0.334107 0.231482
0.347326 0.227017
0.364590 0.222530
0.385810 0.218598
0.410710 0.215835
0.438765 0.214844
0.469181 0.216175
0.500909 0.220283
0.532734 0.227490
0.563401 0.237948
0.591764 0.251598
0.616909 0.268146
0.638227 0.287052
0.655438 0.307552
0.668564 0.328713
0.677882 0.349525
0.683860 0.369008
0.687084 0.386306
0.688189 0.400755
0.687796 0.411909
0.686447 0.419526
0.684558 0.423531
0.682393 0.423974
0.680043 0.420988
0.677435 0.414770
0.674345 0.405571
0.670431 0.393707
0.665268 0.379571
0.658394 0.363651
0.649356 0.346520
0.637763 0.328828
0.623329 0.311258
0.605924 0.294480
0.585607 0.279094
0.562648 0.265589
0.537528 0.254308
0.496924 0.243829
0.470319 0.238704
0.443841 0.235693
0.418135 0.234606
0.393778 0.235185
0.371241 0.237113
0.350885 0.240028
0.332955 0.243538
0.317601 0.247238
0.304900 0.250727
0.294882 0.253630
0.287551 0.255623
0.282915 0.256447
0.280997 0.255934
0.281848 0.254017
0.285550 0.250744
0.292218 0.246275
0.301985 0.240879
0.314984 0.234919
0.331315 0.228832
0.351010 0.223106
0.373980 0.218246
0.399973 0.214756
0.428536 0.213105
0.458999 0.213711
0.490503 0.216921
0.522059 0.222986
0.552644 0.232042
0.581300 0.244092
0.607227 0.258974
0.629842 0.276359
0.648805 0.295739
0.664008 0.316453
0.675550 0.337727
0.683701 0.358743
0.688858 0.378703
0.691509 0.396908
0.692185 0.412796
0.691424 0.425971
0.689727 0.436198
0.687531 0.443378
0.685176 0.447516
0.682890 0.448686
0.680780 0.447003
0.678833 0.442604
0.676924 0.435641
0.674832 0.426285
0.672256 0.414740
0.668839 0.401253
0.664196 0.386136
0.657932 0.369770
0.649682 0.352601
0.639130 0.335130
0.626042 0.317885
0.610291 0.301386
0.591883 0.286109
0.570969 0.272460
0.547853 0.260748
0.522983 0.251173
0.482027 0.242682
0.456763 0.238911
0.431643 0.236997
0.407150 0.236803
0.383711 0.238147
0.361682 0.240810
0.341338 0.244537
0.322870 0.249048
0.306396 0.254042
0.291972 0.259204
0.279608 0.264219
0.269284 0.268779
0.260963 0.272599
0.254608 0.275424
0.250191 0.277047
0.247703 0.277315
0.247158 0.276145
0.248603 0.273522
0.252112 0.269513
0.257789 0.264257
0.265761 0.257972
0.276169 0.250935
0.289154 0.243481
0.304835 0.235982
0.323285 0.228831
0.344503 0.222428
0.368380 0.217164
0.394668 0.213406
0.422965 0.211487
0.452716 0.211699
0.483226 0.214280
0.513717 0.219407
0.543383 0.227186
0.571462 0.237637
0.597297 0.250679
0.620379 0.266120
0.640364 0.283647
0.657077 0.302830
0.670496 0.323135
0.680734 0.343954
0.688013 0.364647
0.692642 0.384589
0.694992 0.403216
0.695475 0.420059
0.694519 0.434766
0.692547 0.447103
0.689956 0.456946
0.687092 0.464265
0.684243 0.469093
0.681619 0.471509
0.679351 0.471610
0.677489 0.469504
0.676005 0.465293
0.674797 0.459077
0.673702 0.450954
0.672499 0.441030
0.670928 0.429430
0.668698 0.416313
0.665502 0.401878
0.661030 0.386378
0.654986 0.370114
0.647104 0.353434
0.637159 0.336720
0.624990 0.320365
0.610509 0.304755
0.593718 0.290246
0.574713 0.277144
0.553698 0.265696
0.530974 0.256078
0.506931 0.248395
0.466261 0.242099
0.441772 0.239559
0.417500 0.238732
0.393834 0.239508
0.371118 0.241747
0.349635 0.245280
0.329605 0.249913
0.311181 0.255427
0.294453 0.261588
0.279463 0.268141
0.266211 0.274825
0.254664 0.281371
0.244774 0.287515
0.236481 0.293000
0.229724 0.297589
0.224452 0.301073
0.220623 0.303275
0.218215 0.304063
0.217230 0.303352
0.217692 0.301110
0.219651 0.297363
0.223184 0.292196
0.228395 0.285752
0.235405 0.278229
0.244356 0.269875
0.255396 0.260980
0.268669 0.251861
0.284303 0.242858
0.302388 0.234314
0.322953 0.226568
0.345944 0.219945
0.371201 0.214747
0.398438 0.211249
0.427238 0.209691
0.457061 0.210278
0.487274 0.213176
0.517188 0.218501
0.546116 0.226320
0.573420 0.236632
0.598559 0.249363
0.621112 0.264355
0.640793 0.281358
0.657448 0.300025
0.671046 0.319927
0.681659 0.340564
0.689446 0.361395
0.694641 0.381875
0.697531 0.401487
0.698446 0.419776
0.697743 0.436374
0.695791 0.451008
0.692956 0.463505
0.689584 0.473778
0.685991 0.481819
0.682447 0.487670
0.679170 0.491413
0.676317 0.493145
0.673986 0.492970
0.672211 0.490986
0.670971 0.487279
0.670188 0.481920
0.669738 0.474973
0.669456 0.466495
0.669140 0.456545
0.668562 0.445198
0.667473 0.432552
0.665613 0.418739
0.662721 0.403929
0.658539 0.388339
0.652829 0.372223
0.645378 0.355873
0.636012 0.339604
0.624601 0.323741
0.611075 0.308598
0.595431 0.294472
0.577738 0.281620
0.558143 0.270254
0.536871 0.260535
0.514222 0.252574
0.490552 0.246425
0.449683 0.242192
0.426444 0.240865
0.403492 0.241069
0.381131 0.242719
0.359622 0.245713
0.339186 0.249926
0.319990 0.255218
0.302152 0.261430
0.285748 0.268388
0.270807 0.275904
0.257331 0.283776
0.245290 0.291795
0.234638 0.299745
0.225316 0.307407
0.217258 0.314566
0.210399 0.321017
0.204675 0.326565
0.200031 0.331037
0.196422 0.334280
0.193818 0.336170
0.192203 0.336617
0.191579 0.335563
0.191969 0.332990
0.193412 0.328921
0.195970 0.323419
0.199724 0.316593
0.204773 0.308590
0.211231 0.299598
0.219228 0.289839
0.228900 0.279562
0.240387 0.269039
0.253822 0.258553
0.269320 0.248390
0.286965 0.238833
0.306794 0.230152
0.328777 0.222600
0.352805 0.216411
0.378672 0.211795
0.406068 0.208936
0.434585 0.207995
0.463729 0.209105
0.492947 0.212372
0.521660 0.217866
0.549308 0.225623
0.575378 0.235632
0.599440 0.247829
0.621158 0.262089
0.640299 0.278219
0.656731 0.295956
0.670412 0.314969
0.681378 0.334868
0.689735 0.355219
0.695644 0.375573
0.699311 0.395482
0.700980 0.414531
0.700924 0.432360
0.699434 0.448674
0.696814 0.463257
0.693367 0.475969
0.689386 0.486741
0.685148 0.495565
0.680900 0.502478
0.676854 0.507553
0.673182 0.510881
0.670014 0.512562
0.667433 0.512695
0.665477 0.511370
0.664146 0.508662
0.663398 0.504633
0.663157 0.499328
0.663313 0.492781
0.663731 0.485017
0.664253 0.476061
0.664697 0.465942
0.664871 0.454703
0.664570 0.442406
0.663581 0.429142
0.661695 0.415032
0.658705 0.400231
0.654417 0.384929
0.648652 0.369345
0.641258 0.353718
0.632110 0.338306
0.621123 0.323364
0.608253 0.309143
0.593508 0.295872
0.576945 0.283754
0.558683 0.272959
0.538896 0.263621
0.517810 0.255833
0.495702 0.249655
0.472882 0.245110
0.432370 0.243081
0.410245 0.242904
0.388485 0.244118
0.367330 0.246656
0.346985 0.250440
0.327621 0.255374
0.309367 0.261352
0.292316 0.268255
0.276522 0.275951
0.262009 0.284294
0.248776 0.293130
0.236796 0.302292
0.226029 0.311608
0.216420 0.320897
0.207908 0.329978
0.200428 0.338667
0.193913 0.346787
0.188300 0.354165
0.183529 0.360641
0.179548 0.366067
0.176313 0.370313
0.173790 0.373268
0.171957 0.374840
0.170805 0.374966
0.170337 0.373602
0.170573 0.370738
0.171545 0.366389
0.173301 0.360603
0.175907 0.353458
0.179438 0.345067
0.183989 0.335571
0.189663 0.325143
0.196576 0.313982
0.204853 0.302308
0.214622 0.290358
0.226013 0.278378
0.239147 0.266617
0.254131 0.255320
0.271047 0.244723
0.289940 0.235046
0.310803 0.226496
0.333569 0.219256
0.358091 0.213493
0.384144 0.209353
0.411415 0.206963
0.439517 0.206433
0.467998 0.207854
0.496372 0.211293
0.524141 0.216799
0.550832 0.224390
0.576015 0.234052
0.599331 0.245732
0.620496 0.259331
0.639312 0.274696
0.655658 0.291623
0.669485 0.309848
0.680807 0.329059
0.689694 0.348901
0.696258 0.368996
0.700651 0.388954
0.703058 0.408399
0.703687 0.426987
0.702769 0.444419
0.700550 0.460453
0.697287 0.474911
0.693237 0.487677
0.688657 0.498694
0.683787 0.507957
0.678855 0.515499
0.674060 0.521386
0.669576 0.525705
0.665541 0.528551
0.662062 0.530024
0.659211 0.530219
0.657025 0.529221
0.655510 0.527102
0.654645 0.523918
0.654379 0.519711
0.654638 0.514507
0.655328 0.508321
0.656333 0.501160
0.657524 0.493025
0.658756 0.483920
0.659871 0.473855
0.660704 0.462854
0.661084 0.450956
0.660836 0.438226
0.659784 0.424751
0.657759 0.410650
0.654598 0.396067
0.650151 0.381172
0.644283 0.366156
0.636880 0.351226
0.627855 0.336595
0.617150 0.322474
0.604740 0.309067
0.590638 0.296561
0.574902 0.285120
0.557630 0.274884
0.538965 0.265963
0.519093 0.258442
0.498236 0.252375
0.476646 0.247792
0.454597 0.244699
0.414426 0.244887
0.393356 0.245820
0.372729 0.248032
0.352734 0.251469
0.333534 0.256068
0.315260 0.261755
0.298012 0.268447
0.281859 0.276050
0.266841 0.284461
0.252974 0.293566
0.240252 0.303244
0.228651 0.313360
0.218133 0.323774
0.208652 0.334338
0.200151 0.344900
0.192570 0.355304
0.185848 0.365393
0.179921 0.375013
0.174728 0.384013
0.170212 0.392250
0.166319 0.399590
0.163001 0.405908
0.160217 0.411094
0.157933 0.415050
0.156126 0.417693
0.154779 0.418958
0.153887 0.418794
0.153455 0.417171
0.153499 0.414077
0.154046 0.409521
0.155135 0.403534
0.156817 0.396171
0.159152 0.387513
0.162215 0.377666
0.166088 0.366761
0.170866 0.354954
0.176651 0.342422
0.183555 0.329363
0.191694 0.315988
0.201187 0.302516
0.212151 0.289171
0.224701 0.276175
0.238938 0.263739
0.254941 0.252066
0.272765 0.241342
0.292423 0.231734
0.313879 0.223396
0.337038 0.216462
0.361738 0.211049
0.387743 0.207262
0.414752 0.205188
0.442399 0.204904
0.470274 0.206473
0.497942 0.209942
0.524968 0.215344
0.550938 0.222689
0.575480 0.231965
0.598283 0.243127
0.619099 0.256096
0.637749 0.270753
0.654120 0.286934
0.668158 0.304427
0.679860 0.322976
0.689270 0.342289
0.696469 0.362042
0.701568 0.381896
0.704708 0.401511
0.706051 0.420561
0.705781 0.438752
0.704095 0.455830
0.701208 0.471591
0.697339 0.485884
0.692714 0.498611
0.687558 0.509723
0.682088 0.519217
0.676508 0.527124
0.671009 0.533505
0.665756 0.538439
0.660892 0.542018
0.656533 0.544341
0.652766 0.545505
0.649653 0.545602
0.647228 0.544712
0.645499 0.542906
0.644453 0.540238
0.644057 0.536749
0.644256 0.532466
0.644981 0.527400
0.646147 0.521554
0.647658 0.514922
0.649403 0.507493
0.651262 0.499254
0.653107 0.490196
0.654801 0.480317
0.656203 0.469629
0.657166 0.458157
0.657543 0.445946
0.657186 0.433065
0.655951 0.419605
0.653700 0.405678
0.650303 0.391423
0.645644 0.376994
0.639618 0.362562
0.632142 0.348305
0.623152 0.334406
0.612610 0.321044
0.600507 0.308389
0.586862 0.296596
0.571730 0.285803
0.555200 0.276125
0.537396 0.267658
0.518476 0.260473
0.498628 0.254620
0.478064 0.250131
0.457016 0.247017
0.435723 0.245275
0.395975 0.247738
0.376104 0.249734
0.356737 0.252897
0.338022 0.257186
0.320083 0.262549
0.303019 0.268928
0.286904 0.276258
0.271787 0.284466
0.257695 0.293472
0.244639 0.303186
0.232609 0.313511
0.221583 0.324342
0.211529 0.335566
0.202405 0.347064
0.194164 0.358709
0.186752 0.370373
0.180116 0.381923
0.174198 0.393226
0.168943 0.404152
0.164294 0.414570
0.160200 0.424358
0.156608 0.433399
0.153472 0.441581
0.150750 0.448806
0.148403 0.454980
0.146401 0.460023
0.144716 0.463862
0.143330 0.466436
0.142231 0.467694
0.141414 0.467598
0.140882 0.466118
0.140647 0.463239
0.140730 0.458959
0.141159 0.453289
0.141970 0.446259
0.143211 0.437914
0.144934 0.428322
0.147205 0.417567
0.150092 0.405758
0.153677 0.393024
0.158044 0.379514
0.163288 0.365394
0.169508 0.350848
0.176807 0.336068
0.185291 0.321255
0.195069 0.306609
0.206245 0.292326
0.218914 0.278597
0.233164 0.265598
0.249061 0.253492
0.266646 0.242426
0.285925 0.232530
0.306865 0.223919
0.329378 0.216693
0.353323 0.210940
0.378498 0.206734
0.404643 0.204142
0.431445 0.203220
0.458550 0.204014
0.485581 0.206564
0.512153 0.210897
0.537895 0.217026
0.562464 0.224951
0.585563 0.234649
0.606946 0.246073
0.626424 0.259146
0.643862 0.273758
0.659180 0.289761
0.672340 0.306969
0.683349 0.325161
0.692243 0.344080
0.699091 0.363446
0.703986 0.382964
0.707040 0.402335
0.708386 0.421267
0.708174 0.439492
0.706566 0.456773
0.703737 0.472911
0.699875 0.487753
0.695170 0.501188
0.689819 0.513150
0.684017 0.523614
0.677954 0.532590
0.671809 0.540114
0.665751 0.546250
0.659930 0.551074
0.654476 0.554676
0.649498 0.557149
0.645085 0.558588
0.641299 0.559082
0.638185 0.558716
0.635764 0.557564
0.634040 0.555686
0.632998 0.553134
0.632610 0.549943
0.632832 0.546137
0.633608 0.541726
0.634873 0.536711
0.636551 0.531083
0.638557 0.524826
0.640797 0.517920
0.643173 0.510344
0.645576 0.502078
0.647896 0.493107
0.650014 0.483426
0.651811 0.473038
0.653163 0.461964
0.653945 0.450240
0.654036 0.437920
0.653315 0.425079
0.651666 0.411809
0.648979 0.398224
0.645156 0.384451
0.640106 0.370632
0.633755 0.356917
0.626044 0.343461
0.616930 0.330418
0.606395 0.317939
0.594441 0.306162
0.581097 0.295215
0.566419 0.285210
0.550489 0.276242
0.533419 0.268389
0.515346 0.261711
0.496433 0.256250
0.476860 0.252036
0.456824 0.249082
0.436528 0.247389
0.416178 0.246947
0.377163 0.251768
0.358597 0.254771
0.340578 0.258835
0.323218 0.263927
0.306611 0.270004
0.290828 0.277021
0.275921 0.284927
0.261924 0.293663
0.248855 0.303167
0.236715 0.313368
0.225495 0.324188
0.215175 0.335543
0.205727 0.347344
0.197114 0.359493
0.189296 0.371888
0.182229 0.384423
0.175866 0.396987
0.170159 0.409469
0.165058 0.421757
0.160515 0.433740
0.156481 0.445309
0.152908 0.456359
0.149752 0.466793
0.146968 0.476515
0.144517 0.485441
0.142360 0.493489
0.140465 0.500589
0.138799 0.506675
0.137339 0.511689
0.136062 0.515580
0.134953 0.518302
0.134001 0.519818
0.133201 0.520094
0.132554 0.519105
0.132068 0.516830
0.131754 0.513257
0.131633 0.508382
0.131732 0.502210
0.132082 0.494758
0.132722 0.486055
0.133698 0.476143
0.135061 0.465083
0.136870 0.452950
0.139187 0.439840
0.142082 0.425868
0.145631 0.411163
0.149913 0.395875
0.155015 0.380166
0.161024 0.364210
0.168034 0.348184
0.176138 0.332273
0.185431 0.316654
0.196004 0.301502
0.207944 0.286979
0.221327 0.273236
0.236216 0.260408
0.252655 0.248617
0.270661 0.237967
0.290218 0.228551
0.311272 0.220446
0.333723 0.213719
0.357424 0.208430
0.382177 0.204628
0.407737 0.202356
0.433820 0.201652
0.460107 0.202548
0.486268 0.205071
0.511965 0.209239
0.536877 0.215062
0.560708 0.222538
0.583197 0.231651
0.604130 0.242364
0.623335 0.254619
0.640689 0.268333
0.656110 0.283391
0.669557 0.299649
0.681019 0.316930
0.690518 0.335028
0.698096 0.353713
0.703820 0.372733
0.707772 0.391829
0.710050 0.410738
0.710767 0.429208
0.710050 0.447006
0.708035 0.463924
0.704872 0.479789
0.700716 0.494462
0.695733 0.507843
0.690090 0.519868
0.683958 0.530507
0.677507 0.539763
0.670898 0.547662
0.664286 0.554254
0.657815 0.559604
0.651614 0.563791
0.645795 0.566900
0.640453 0.569019
0.635664 0.570237
0.631486 0.570640
0.627959 0.570308
0.625107 0.569312
0.622937 0.567716
0.621444 0.565571
0.620610 0.562918
0.620404 0.559786
0.620789 0.556193
0.621716 0.552146
0.623131 0.547643
0.624971 0.542674
0.627170 0.537221
0.629654 0.531262
0.632344 0.524771
0.635155 0.517722
0.637999 0.510090
0.640784 0.501854
0.643413 0.492999
0.645786 0.483519
0.647801 0.473419
0.649355 0.462716
0.650345 0.451442
0.650668 0.439645
0.650225 0.427389
0.648920 0.414753
0.646662 0.401833
0.643368 0.388736
0.638963 0.375583
0.633383 0.362499
0.626576 0.349616
0.618503 0.337066
0.609144 0.324978
0.598493 0.313475
0.586566 0.302671
0.573399 0.292668
0.559050 0.283556
0.543599 0.275411
0.527147 0.268294
0.509818 0.262254
0.491753 0.257327
0.473108 0.253536
0.454051 0.250894
0.434756 0.249405
0.415398 0.249064
0.396146 0.249858
0.358159 0.257114
0.340861 0.261093
0.324144 0.266046
0.308092 0.271942
0.292773 0.278749
0.278236 0.286427
0.264517 0.294936
0.251638 0.304227
0.239606 0.314248
0.228420 0.324941
0.218067 0.336242
0.208527 0.348082
0.199775 0.360386
0.191780 0.373073
0.184506 0.386058
0.177917 0.399250
0.171971 0.412557
0.166627 0.425882
0.161844 0.439131
0.157578 0.452205
0.153786 0.465012
0.150428 0.477458
0.147461 0.489455
0.144845 0.500921
0.142542 0.511777
0.140514 0.521951
0.138725 0.531376
0.137143 0.539994
0.135737 0.547749
0.134479 0.554594
0.133344 0.560485
0.132312 0.565384
0.131364 0.569254
0.130486 0.572066
0.129670 0.573790
0.128910 0.574401
0.128205 0.573877
0.127559 0.572197
0.126981 0.569344
0.126486 0.565304
0.126092 0.560069
0.125822 0.553634
0.125706 0.546004
0.125776 0.537189
0.126072 0.527213
0.126636 0.516110
0.127516 0.503927
0.128763 0.490728
0.130435 0.476593
0.132593 0.461621
0.135301 0.445925
0.138630 0.429636
0.142651 0.412899
0.147441 0.395870
0.153081 0.378714
0.159651 0.361600
0.167235 0.344696
0.175916 0.328165
0.185777 0.312163
0.196894 0.296836
0.209338 0.282315
0.223169 0.268718
0.238433 0.256146
0.255156 0.244689
0.273338 0.234422
0.292950 0.225406
0.313928 0.217696
0.336165 0.211336
0.359517 0.206364
0.383795 0.202814
0.408772 0.200714
0.434188 0.200090
0.459757 0.200963
0.485185 0.203353
0.510172 0.207273
0.534434 0.212731
0.557706 0.219724
0.579758 0.228242
0.600393 0.238259
0.619455 0.249729
0.636824 0.262591
0.652420 0.276755
0.666195 0.292109
0.678128 0.308512
0.688227 0.325799
0.696517 0.343777
0.703044 0.362235
0.707868 0.380949
0.711063 0.399684
0.712713 0.418207
0.712917 0.436296
0.711782 0.453741
0.709426 0.470360
0.705975 0.485994
0.701566 0.500519
0.696339 0.513840
0.690443 0.525896
0.684027 0.536653
0.677243 0.546108
0.670240 0.554279
0.663159 0.561203
0.656138 0.566938
0.649301 0.571549
0.642760 0.575114
0.636613 0.577713
0.630945 0.579432
0.625821 0.580354
0.621295 0.580560
0.617402 0.580127
0.614166 0.579125
0.611596 0.577616
0.609690 0.575652
0.608436 0.573279
0.607812 0.570529
0.607789 0.567426
0.608331 0.563984
0.609397 0.560209
0.610939 0.556096
0.612905 0.551635
0.615241 0.546807
0.617886 0.541591
0.620776 0.535960
0.623845 0.529885
0.627021 0.523338
0.630230 0.516290
0.633394 0.508717
0.636432 0.500599
0.639260 0.491924
0.641794 0.482685
0.643945 0.472890
0.645627 0.462555
0.646751 0.451710
0.647230 0.440397
0.646981 0.428673
0.645923 0.416608
0.643978 0.404285
0.641077 0.391798
0.637155 0.379248
0.632158 0.366745
0.626039 0.354404
0.618765 0.342338
0.610313 0.330661
0.600677 0.319482
0.589863 0.308902
0.577897 0.299016
0.564820 0.289906
0.550692 0.281645
0.535591 0.274295
0.519614 0.267904
0.502872 0.262513
0.485493 0.258151
0.467615 0.254836
0.449385 0.252580
0.430953 0.251388
0.412471 0.251256
0.394087 0.252175
0.375940 0.254134
0.339146 0.263917
0.323194 0.268817
0.307840 0.274603
0.293142 0.281252
0.279147 0.288733
0.265888 0.297016
0.253388 0.306065
0.241656 0.315840
0.230696 0.326297
0.220500 0.337387
0.211055 0.349058
0.202343 0.361250
0.194341 0.373901
0.187020 0.386942
0.180352 0.400302
0.174305 0.413904
0.168843 0.427669
0.163934 0.441515
0.159541 0.455361
0.155627 0.469123
0.152158 0.482719
0.149097 0.496069
0.146408 0.509096
0.144056 0.521726
0.142006 0.533891
0.140224 0.545525
0.138677 0.556572
0.137333 0.566976
0.136161 0.576692
0.135132 0.585675
0.134219 0.593888
0.133397 0.601299
0.132640 0.607877
0.131930 0.613595
0.131247 0.618431
0.130575 0.622363
0.129902 0.625369
0.129219 0.627431
0.128519 0.628531
0.127801 0.628649
0.127065 0.627769
0.126317 0.625871
0.125566 0.622939
0.124824 0.618957
0.124108 0.613908
0.123439 0.607781
0.122840 0.600567
0.122340 0.592259
0.121971 0.582860
0.121766 0.572380
0.121765 0.560837
0.122010 0.548261
0.122546 0.534696
0.123420 0.520200
0.124685 0.504846
0.126395 0.488726
0.128607 0.471945
0.131383 0.454624
0.134786 0.436899
0.138881 0.418915
0.143738 0.400825
0.149428 0.382787
0.156022 0.364956
0.163593 0.347487
0.172214 0.330523
0.181955 0.314201
0.192883 0.298643
0.205057 0.283956
0.218528 0.270236
0.233335 0.257563
0.249498 0.246004
0.267019 0.235615
0.285871 0.226442
0.306000 0.218522
0.327319 0.211886
0.349705 0.206559
0.372999 0.202564
0.397011 0.199920
0.421517 0.198645
0.446274 0.198754
0.471023 0.200262
0.495499 0.203180
0.519444 0.207517
0.542614 0.213275
0.564786 0.220451
0.585769 0.229032
0.605400 0.238994
0.623549 0.250298
0.640122 0.262887
0.655049 0.276687
0.668293 0.291599
0.679835 0.307504
0.689681 0.324259
0.697851 0.341699
0.704379 0.359643
0.709315 0.377892
0.712715 0.396243
0.714650 0.414486
0.715195 0.432417
0.714439 0.449844
0.712475 0.466591
0.709407 0.482502
0.705348 0.497446
0.700414 0.511321
0.694731 0.524051
0.688429 0.535584
0.681640 0.545897
0.674499 0.554989
0.667137 0.562876
0.659685 0.569595
0.652265 0.575195
0.644993 0.579736
0.637973 0.583288
0.631300 0.585925
0.625055 0.587725
0.619305 0.588767
0.614104 0.589127
0.609496 0.588882
0.605507 0.588100
0.602155 0.586848
0.599446 0.585183
0.597377 0.583155
0.595938 0.580806
0.595108 0.578171
0.594864 0.575274
0.595175 0.572133
0.596007 0.568756
0.597322 0.565144
0.599080 0.561290
0.601235 0.557183
0.603741 0.552804
0.606549 0.548131
0.609606 0.543137
0.612858 0.537794
0.616247 0.532073
0.619714 0.525944
0.623196 0.519378
0.626628 0.512351
0.629941 0.504841
0.633067 0.496832
0.635932 0.488316
0.638464 0.479292
0.640588 0.469769
0.642229 0.459765
0.643315 0.449311
0.643772 0.438446
0.643528 0.427224
0.642517 0.415707
0.640675 0.403969
0.637942 0.392093
0.634265 0.380168
0.629599 0.368288
0.623906 0.356553
0.617156 0.345062
0.609330 0.333914
0.600422 0.323202
0.590436 0.313018
0.579390 0.303443
0.567318 0.294554
0.554267 0.286416
0.540298 0.279088
0.525490 0.272616
0.509932 0.267040
0.493729 0.262391
0.476994 0.258691
0.459851 0.255955
0.442429 0.254192
0.424859 0.253406
0.407270 0.253594
0.389789 0.254751
0.372537 0.256867
0.355623 0.259928
0.320319 0.272324
0.305684 0.278116
0.291651 0.284721
0.278261 0.292116
0.265545 0.300275
0.253521 0.309171
0.242203 0.318772
0.231592 0.329043
0.221686 0.339945
0.212474 0.351437
0.203944 0.363471
0.196077 0.375997
0.188851 0.388959
0.182242 0.402298
0.176225 0.415951
0.170771 0.429852
0.165853 0.443933
0.161441 0.458122
0.157504 0.472347
0.154013 0.486536
0.150936 0.500616
0.148244 0.514518
0.145905 0.528174
0.143890 0.541519
0.142169 0.554491
0.140710 0.567035
0.139486 0.579098
0.138466 0.590634
0.137623 0.601600
0.136928 0.611960
0.136355 0.621681
0.135879 0.630736
0.135473 0.639100
0.135114 0.646752
0.134781 0.653676
0.134454 0.659856
0.134112 0.665277
0.133741 0.669928
0.133326 0.673797
0.132855 0.676873
0.132319 0.679143
0.131711 0.680596
0.131029 0.681218
0.130271 0.680995
0.129441 0.679911
0.128543 0.677951
0.127587 0.675096
0.126584 0.671328
0.125551 0.666628
0.124504 0.660976
0.123465 0.654356
0.122458 0.646751
0.121510 0.638147
0.120650 0.628536
0.119911 0.617914
0.119326 0.606285
0.118934 0.593663
0.118773 0.580071
0.118885 0.565546
0.119314 0.550140
0.120106 0.533917
0.121309 0.516959
0.122974 0.499364
0.125154 0.481243
0.127904 0.462722
0.131282 0.443938
0.135345 0.425034
0.140156 0.406159
0.145778 0.387463
0.152273 0.369092
0.159706 0.351186
0.168139 0.333874
0.177635 0.317275
0.188251 0.301493
0.200040 0.286621
0.213045 0.272735
0.227301 0.259900
0.242826 0.248168
0.259623 0.237581
0.277673 0.228172
0.296930 0.219967
0.317325 0.212986
0.338755 0.207246
0.361089 0.202762
0.384165 0.199545
0.407796 0.197606
0.431769 0.196957
0.455860 0.197607
0.479832 0.199565
0.503452 0.202840
0.526492 0.207437
0.548741 0.213356
0.570009 0.220593
0.590131 0.229137
0.608969 0.238965
0.626414 0.250044
0.642384 0.262325
0.656822 0.275744
0.669692 0.290216
0.680980 0.305639
0.690686 0.321889
0.698826 0.338825
0.705428 0.356287
0.710530 0.374103
0.714177 0.392091
0.716426 0.410062
0.717338 0.427831
0.716983 0.445216
0.715439 0.462050
0.712791 0.478181
0.709130 0.493475
0.704554 0.507823
0.699171 0.521136
0.693089 0.533352
0.686427 0.544430
0.679301 0.554349
0.671834 0.563112
0.664145 0.570733
0.656352 0.577247
0.648569 0.582697
0.640903 0.587138
0.633454 0.590633
0.626311 0.593249
0.619552 0.595059
0.613246 0.596136
0.607449 0.596554
0.602204 0.596383
0.597544 0.595695
0.593492 0.594554
0.590059 0.593020
0.587250 0.591148
0.585058 0.588985
0.583473 0.586573
0.582477 0.583945
0.582048 0.581126
0.582160 0.578136
0.582783 0.574987
0.583885 0.571682
0.585430 0.568220
0.587383 0.564593
0.589706 0.560788
0.592357 0.556786
0.595297 0.552565
0.598481 0.548100
0.601864 0.543364
0.605400 0.538327
0.609039 0.532959
0.612731 0.527232
0.616423 0.521118
0.620058 0.514592
0.623580 0.507632
0.626929 0.500221
0.630044 0.492348
0.632862 0.484009
0.635320 0.475206
0.637353 0.465952
0.638897 0.456266
0.639890 0.446178
0.640268 0.435729
0.639971 0.424967
0.638943 0.413950
0.637128 0.402744
0.634477 0.391424
0.630946 0.380069
0.626496 0.368763
0.621095 0.357593
0.614717 0.346646
0.607349 0.336009
0.598982 0.325765
0.589622 0.315994
0.579284 0.306771
0.567993 0.298162
0.555791 0.290230
0.542727 0.283026
0.528867 0.276597
0.514287 0.270980
0.499072 0.266205
0.483321 0.262296
0.467138 0.259271
0.450634 0.257141
0.433922 0.255913
0.417119 0.255590
0.400337 0.256168
0.383686 0.257644
0.367269 0.260010
0.351180 0.263254
0.335506 0.267364
0.301879 0.282480
0.288539 0.289139
0.275797 0.296544
0.263678 0.304673
0.252201 0.313502
0.241375 0.323007
0.231203 0.333157
0.221683 0.343921
0.212809 0.355264
0.204567 0.367147
0.196945 0.379527
0.189923 0.392359
0.183483 0.405592
0.177602 0.419174
0.172258 0.433048
0.167428 0.447156
0.163086 0.461437
0.159207 0.475827
0.155767 0.490262
0.152739 0.504680
0.150098 0.519016
0.147818 0.533208
0.145873 0.547197
0.144238 0.560925
0.142886 0.574338
0.141793 0.587387
0.140932 0.600026
0.140278 0.612213
0.139806 0.623913
0.139491 0.635092
0.139308 0.645724
0.139232 0.655785
0.139241 0.665255
0.139309 0.674119
0.139415 0.682363
0.139537 0.689977
0.139655 0.696952
0.139747 0.703283
0.139797 0.708963
0.139788 0.713988
0.139704 0.718354
0.139532 0.722056
0.139261 0.725088
0.138882 0.727445
0.138388 0.729120
0.137774 0.730104
0.137040 0.730388
0.136185 0.729959
0.135214 0.728803
0.134131 0.726906
0.132947 0.724249
0.131672 0.720814
0.130321 0.716579
0.128910 0.711524
0.127457 0.705625
0.125986 0.698860
0.124518 0.691206
0.123079 0.682643
0.121698 0.673153
0.120404 0.662721
0.119227 0.651338
0.118203 0.639002
0.117364 0.625720
0.116747 0.611508
0.116390 0.596394
0.116333 0.580421
0.116616 0.563646
0.117283 0.546139
0.118376 0.527989
0.119943 0.509297
0.122030 0.490180
0.124688 0.470765
0.127967 0.451188
0.131920 0.431592
0.136601 0.412121
0.142066 0.392916
0.148371 0.374115
0.155571 0.355847
0.163724 0.338229
0.172882 0.321368
0.183097 0.305355
0.194416 0.290269
0.206878 0.276174
0.220515 0.263123
0.235344 0.251158
0.251372 0.240309
0.268585 0.230602
0.286949 0.222053
0.306408 0.214676
0.326879 0.208480
0.348255 0.203473
0.370402 0.199661
0.393159 0.197051
0.416347 0.195649
0.439768 0.195461
0.463214 0.196495
0.486472 0.198755
0.509332 0.202249
0.531594 0.206979
0.553071 0.212946
0.573597 0.220147
0.593030 0.228571
0.611248 0.238198
0.628156 0.249002
0.643682 0.260939
0.657775 0.273955
0.670402 0.287979
0.681548 0.302921
0.691211 0.318677
0.699404 0.335123
0.706146 0.352121
0.711468 0.369517
0.715406 0.387150
0.718004 0.404849
0.719314 0.422443
0.719392 0.439765
0.718300 0.456654
0.716109 0.472960
0.712894 0.488551
0.708737 0.503311
0.703727 0.517144
0.697958 0.529976
0.691531 0.541752
0.684551 0.552437
0.677125 0.562016
0.669364 0.570490
0.661378 0.577875
0.653275 0.584199
0.645162 0.589503
0.637139 0.593837
0.629301 0.597258
0.621734 0.599827
0.614514 0.601611
0.607709 0.602677
0.601376 0.603097
0.595560 0.602937
0.590298 0.602267
0.585616 0.601149
0.581529 0.599646
0.578047 0.597813
0.575169 0.595702
0.572890 0.593359
0.571196 0.590822
0.570072 0.588126
0.569495 0.585296
0.569443 0.582352
0.569888 0.579308
0.570800 0.576172
0.572151 0.572945
0.573909 0.569623
0.576039 0.566196
0.578510 0.562651
0.581287 0.558969
0.584334 0.555131
0.587614 0.551110
0.591091 0.546881
0.594725 0.542416
0.598477 0.537686
0.602303 0.532662
0.606161 0.527316
0.610004 0.521622
0.613786 0.515554
0.617457 0.509091
0.620966 0.502217
0.624260 0.494919
0.627285 0.487190
0.629987 0.479029
0.632309 0.470444
0.634195 0.461447
0.635590 0.452062
0.636438 0.442319
0.636686 0.432256
0.636282 0.421919
0.635176 0.411363
0.633323 0.400648
0.630679 0.389843
0.627208 0.379017
0.622876 0.368248
0.617656 0.357610
0.611528 0.347184
0.604479 0.337045
0.596505 0.327268
0.587609 0.317924
0.577806 0.309081
0.567117 0.300799
0.555579 0.293133
0.543234 0.286132
0.530139 0.279839
0.516359 0.274290
0.501968 0.269514
0.487052 0.265535
0.471699 0.262371
0.456009 0.260035
0.440080 0.258536
0.424016 0.257878
0.407918 0.258063
0.391885 0.259088
0.376013 0.260950
0.360390 0.263640
0.345097 0.267151
0.330207 0.271470
0.315783 0.276584
0.583368 0.261447
