0.350923 0.708939
0.388154 0.735634
0.393102 0.739237
0.359762 0.718701
0.322223 0.681072
0.307341 0.657288
0.317514 0.671871
0.358850 0.714273
0.410687 0.745630
0.451044 0.760259
0.461099 0.763617
0.435717 0.757654
0.386041 0.737021
0.334971 0.697785
0.301181 0.649151
0.287093 0.611842
0.285618 0.602717
0.293814 0.625151
0.316868 0.668817
0.368280 0.720179
0.423945 0.749915
0.478244 0.765018
0.518289 0.770243
0.535828 0.771594
0.527674 0.772304
0.494613 0.770665
0.442473 0.760886
0.383376 0.736686
0.331959 0.696033
0.297716 0.644652
0.281219 0.594828
0.276621 0.558933
0.276878 0.544061
0.278328 0.552066
0.282658 0.581281
0.295677 0.626126
0.323590 0.676368
0.379353 0.726477
0.435229 0.752860
0.493323 0.766241
0.544912 0.769557
0.583637 0.767380
0.606404 0.764414
0.612219 0.764029
0.600735 0.767144
0.571834 0.771843
0.526631 0.773921
0.469324 0.768157
0.408056 0.749948
0.352797 0.717025
0.311229 0.671043
0.286128 0.618154
0.275595 0.567196
0.274835 0.526060
0.278235 0.499194
0.281233 0.487895
0.281632 0.492013
0.280087 0.511110
0.279813 0.544245
0.285616 0.588692
0.302442 0.638886
0.333660 0.687173
0.392212 0.732963
0.447027 0.755490
0.504955 0.766552
0.559717 0.767895
0.606357 0.762395
0.642217 0.753543
0.666615 0.744886
0.679874 0.739415
0.682409 0.739004
0.674171 0.744016
0.654549 0.753198
0.622726 0.763871
0.578555 0.772419
0.523777 0.774937
0.462922 0.767885
0.402844 0.748709
0.350606 0.716500
0.311120 0.672735
0.286132 0.621630
0.274590 0.569379
0.273540 0.522195
0.279028 0.484390
0.286940 0.457757
0.293776 0.442261
0.297221 0.437163
0.296429 0.441893
0.292053 0.456398
0.286093 0.480936
0.281603 0.515412
0.282207 0.558466
0.291496 0.606811
0.312342 0.655440
0.346172 0.698910
0.406994 0.739407
0.461637 0.758314
0.519212 0.766682
0.574634 0.765680
0.623771 0.757232
0.664252 0.743807
0.695425 0.728212
0.717774 0.713313
0.732248 0.701698
0.739740 0.695350
0.740760 0.695407
0.735266 0.702016
0.722633 0.714293
0.701770 0.730382
0.671416 0.747648
0.630690 0.763016
0.579897 0.773354
0.521349 0.775824
0.459628 0.768131
0.400695 0.748768
0.350120 0.717374
0.311575 0.675224
0.286384 0.625545
0.273915 0.573177
0.272178 0.523373
0.278341 0.480317
0.289155 0.446268
0.301385 0.421655
0.312234 0.405757
0.319648 0.397460
0.322466 0.395836
0.320422 0.400457
0.314092 0.411479
0.304837 0.429509
0.294704 0.455271
0.286268 0.489104
0.282375 0.530351
0.285816 0.576896
0.298989 0.625166
0.323538 0.670817
0.359932 0.709828
0.423821 0.745556
0.477519 0.760665
0.533506 0.766250
0.587644 0.763093
0.636517 0.752446
0.678049 0.735965
0.711540 0.715650
0.737319 0.693739
0.756288 0.672539
0.769544 0.654200
0.778114 0.640524
0.782787 0.632828
0.784004 0.631881
0.781806 0.637882
0.775811 0.650429
0.765234 0.668502
0.748954 0.690464
0.725650 0.714157
0.694040 0.737091
0.653287 0.756713
0.603565 0.770645
0.546644 0.776850
0.486115 0.773705
0.426839 0.760068
0.373706 0.735437
0.330404 0.700251
0.298862 0.656246
0.279392 0.606578
0.271124 0.555425
0.272398 0.507045
0.281023 0.464749
0.294489 0.430346
0.310198 0.404196
0.325731 0.385653
0.339080 0.373583
0.348795 0.366794
0.354005 0.364325
0.354370 0.365613
0.350022 0.370564
0.341521 0.379531
0.329854 0.393222
0.316429 0.412532
0.303042 0.438285
0.291770 0.470895
0.284810 0.509983
0.284292 0.554068
0.292092 0.600531
0.309656 0.645987
0.337777 0.686996
0.376303 0.720769
0.442782 0.751133
0.495948 0.762558
0.550555 0.765172
0.603067 0.759531
0.650607 0.746507
0.691400 0.727268
0.724802 0.703288
0.751041 0.676317
0.770880 0.648293
0.785338 0.621177
0.795486 0.596782
0.802320 0.576623
0.806677 0.561855
0.809180 0.553267
0.810189 0.551324
0.809782 0.556201
0.807737 0.567787
0.803536 0.585638
0.796386 0.608910
0.785255 0.636296
0.768932 0.666036
0.746122 0.696027
0.715626 0.724025
0.676626 0.747876
0.629117 0.765690
0.574375 0.775920
0.515214 0.777352
0.455710 0.769098
0.400306 0.750641
0.352756 0.722014
0.315452 0.684076
0.289365 0.638783
0.274347 0.589190
0.269493 0.539033
0.273389 0.491942
0.284248 0.450680
0.300020 0.416756
0.318529 0.390479
0.337660 0.371288
0.355552 0.358136
0.370738 0.349811
0.382203 0.345172
0.389349 0.343301
0.391922 0.343594
0.389933 0.345805
0.383614 0.350041
0.373410 0.356740
0.360012 0.366610
0.344391 0.380537
0.327816 0.399454
0.311827 0.424157
0.298151 0.455070
0.288575 0.491974
0.284824 0.533783
0.288437 0.578472
0.300673 0.623300
0.322386 0.665280
0.353850 0.701743
0.394517 0.730733
0.463914 0.755839
0.515085 0.763485
0.566800 0.763312
0.616215 0.755692
0.661051 0.741188
0.699870 0.720575
0.732089 0.694866
0.757800 0.665333
0.777543 0.633472
0.792103 0.600909
0.802365 0.569259
0.809228 0.539975
0.813544 0.514245
0.816086 0.492948
0.817512 0.476680
0.818345 0.465811
0.818943 0.460564
0.819479 0.461066
0.819932 0.467385
0.820082 0.479520
0.819515 0.497358
0.817634 0.520592
0.813686 0.548629
0.806776 0.580501
0.795900 0.614843
0.779981 0.649943
0.757934 0.683902
0.728791 0.714829
0.691907 0.741029
0.647266 0.761103
0.595823 0.773961
0.539732 0.778777
0.482212 0.774937
0.426991 0.762032
0.377505 0.739944
0.336275 0.709015
0.304690 0.670281
0.283152 0.625626
0.271356 0.577733
0.268530 0.529723
0.273577 0.484579
0.285144 0.444603
0.301660 0.411141
0.321409 0.384597
0.342638 0.364648
0.363708 0.350504
0.383222 0.341144
0.400112 0.335493
0.413656 0.332548
0.423436 0.331461
0.429272 0.331595
0.431141 0.332551
0.429122 0.334177
0.423368 0.336563
0.414108 0.340028
0.401675 0.345088
0.386550 0.352422
0.369408 0.362822
0.351144 0.377121
0.332869 0.396097
0.315869 0.420346
0.301526 0.450119
0.291229 0.485147
0.286287 0.524497
0.287869 0.566544
0.296947 0.609110
0.314234 0.649779
0.340089 0.686289
0.374357 0.716839
0.416190 0.740231
0.487185 0.759354
0.537284 0.763380
0.586994 0.760122
0.633899 0.749854
0.676136 0.732987
0.712567 0.710103
0.742748 0.682006
0.766775 0.649747
0.785099 0.614627
0.798371 0.578115
0.807338 0.541728
0.812774 0.506878
0.815444 0.474744
0.816088 0.446199
0.815398 0.421814
0.814008 0.401899
0.812472 0.386582
0.811247 0.375886
0.810668 0.369798
0.810933 0.368315
0.812089 0.371480
0.814027 0.379381
0.816487 0.392143
0.819059 0.409887
0.821209 0.432662
0.822290 0.460355
0.821563 0.492585
0.818212 0.528607
0.811356 0.567259
0.800067 0.607002
0.783394 0.646051
0.760421 0.682578
0.730381 0.714919
0.692847 0.741699
0.647999 0.761878
0.596907 0.774701
0.541677 0.779626
0.485304 0.776254
0.431163 0.764323
0.382346 0.743769
0.341142 0.714868
0.308870 0.678428
0.285991 0.635954
0.272356 0.589668
0.267414 0.542290
0.270346 0.496606
0.280120 0.454992
0.295505 0.419075
0.315091 0.389646
0.337352 0.366771
0.360739 0.349983
0.383812 0.338490
0.405352 0.331337
0.424437 0.327527
0.440453 0.326113
0.453060 0.326254
0.462132 0.327259
0.467676 0.328613
0.469775 0.329986
0.468534 0.331236
0.464064 0.332402
0.456476 0.333692
0.445902 0.335473
0.432534 0.338249
0.416661 0.342640
0.398726 0.349357
0.379351 0.359155
0.359360 0.372788
0.339753 0.390926
0.321663 0.414062
0.306285 0.442389
0.294800 0.475668
0.288313 0.513111
0.287808 0.553357
0.294117 0.594560
0.307883 0.634618
0.329503 0.671479
0.359021 0.703410
0.395983 0.729148
0.439299 0.747919
0.512469 0.761338
0.560229 0.761797
0.606782 0.755687
0.650210 0.743196
0.689091 0.724618
0.722576 0.700382
0.750341 0.671112
0.772468 0.637663
0.789301 0.601125
0.801339 0.562782
0.809158 0.524004
0.813361 0.486116
0.814558 0.450266
0.813358 0.417337
0.810357 0.387914
0.806140 0.362309
0.801274 0.340613
0.796292 0.322769
0.791685 0.308637
0.787878 0.298047
0.785220 0.290844
0.783961 0.286915
0.784243 0.286210
0.786092 0.288754
0.789411 0.294647
0.793985 0.304064
0.799486 0.317236
0.805490 0.334430
0.811485 0.355900
0.816897 0.381830
0.821101 0.412246
0.823435 0.446919
0.823209 0.485273
0.819705 0.526333
0.812181 0.568738
0.799875 0.610861
0.782029 0.650989
0.757946 0.687527
0.727098 0.719146
0.689294 0.744843
0.644900 0.763922
0.595047 0.775912
0.541707 0.780491
0.487532 0.777426
0.435438 0.766560
0.388080 0.747868
0.347465 0.721555
0.314809 0.688211
0.290621 0.648954
0.274890 0.605490
0.267268 0.560017
0.267185 0.514956
0.273907 0.472571
0.286543 0.434649
0.304042 0.402326
0.325203 0.376081
0.348720 0.355857
0.373262 0.341207
0.397579 0.331445
0.420596 0.325754
0.441483 0.323271
0.459679 0.323152
0.474867 0.324609
0.486935 0.326953
0.495911 0.329612
0.501904 0.332142
0.505053 0.334238
0.505496 0.335729
0.503339 0.336573
0.498656 0.336847
0.491488 0.336744
0.481865 0.336559
0.469829 0.336687
0.455468 0.337606
0.438957 0.339870
0.420595 0.344090
0.400832 0.350908
0.380283 0.360969
0.359724 0.374873
0.340053 0.393119
0.322248 0.416028
0.307302 0.443653
0.296173 0.475681
0.289739 0.511369
0.288777 0.549522
0.293944 0.588582
0.305756 0.626789
0.324556 0.662406
0.350440 0.693926
0.383154 0.720194
0.421986 0.740436
0.465682 0.754212
0.539532 0.761429
0.584905 0.758396
0.628332 0.749335
0.668308 0.734386
0.703768 0.713774
0.734114 0.687858
0.759145 0.657176
0.778959 0.622486
0.793844 0.584776
0.804197 0.545225
0.810470 0.505111
0.813133 0.465685
0.812664 0.428050
0.809540 0.393069
0.804244 0.361322
0.797264 0.333118
0.789094 0.308542
0.780234 0.287510
0.771180 0.269831
0.762413 0.255261
0.754388 0.243541
0.747512 0.234423
0.742140 0.227695
0.738550 0.223194
0.736942 0.220810
0.737424 0.220499
0.740010 0.222280
0.744615 0.226243
0.751056 0.232543
0.759058 0.241403
0.768259 0.253102
0.778224 0.267969
0.788458 0.286359
0.798428 0.308618
0.807573 0.335033
0.815322 0.365760
0.821104 0.400735
0.824344 0.439583
0.824464 0.481544
0.820877 0.525466
0.812978 0.569872
0.800150 0.613121
0.781789 0.653606
0.757355 0.689930
0.726474 0.721007
0.689086 0.746081
0.645627 0.764665
0.597192 0.776461
0.545580 0.781278
0.493149 0.778979
0.442480 0.769471
0.395947 0.752740
0.355396 0.728932
0.322005 0.698475
0.296342 0.662198
0.278508 0.621419
0.268297 0.577922
0.265308 0.533787
0.269002 0.491125
0.278722 0.451775
0.293679 0.417095
0.312940 0.387885
0.335440 0.364426
0.360016 0.346584
0.385482 0.333939
0.410714 0.325883
0.434740 0.321702
0.456798 0.320641
0.476366 0.321943
0.493149 0.324884
0.507046 0.328804
0.518097 0.333125
0.526439 0.337368
0.532249 0.341156
0.535716 0.344218
0.537006 0.346386
0.536249 0.347588
0.533528 0.347838
0.528877 0.347233
0.522289 0.345945
0.513730 0.344218
0.503158 0.342363
0.490542 0.340757
0.475900 0.339835
0.459322 0.340083
0.441004 0.342029
0.421273 0.346225
0.400598 0.353229
0.379591 0.363574
0.358985 0.377734
0.339599 0.396075
0.322290 0.418790
0.307905 0.445833
0.297244 0.476849
0.291030 0.511122
0.289896 0.547581
0.294378 0.584864
0.304903 0.621453
0.321763 0.655845
0.345065 0.686714
0.374659 0.713007
0.410042 0.733983
0.450288 0.749181
0.494027 0.758360
0.568014 0.759244
0.610769 0.752745
0.650943 0.740647
0.687385 0.723062
0.719334 0.700193
0.746399 0.672373
0.768490 0.640117
0.785727 0.604154
0.798365 0.565434
0.806728 0.525082
0.811174 0.484313
0.812069 0.444311
0.809782 0.406115
0.804681 0.370534
0.797141 0.338112
0.787552 0.309134
0.776320 0.283668
0.763874 0.261618
0.750661 0.242778
0.737143 0.226882
0.723784 0.213635
0.711037 0.202742
0.699330 0.193925
0.689056 0.186935
0.680555 0.181559
0.674112 0.177625
0.669947 0.175005
0.668212 0.173620
0.668990 0.173438
0.672290 0.174476
0.678045 0.176806
0.686114 0.180548
0.696273 0.185876
0.708225 0.193019
0.721597 0.202253
0.735954 0.213904
0.750811 0.228338
0.765649 0.245948
0.779937 0.267127
0.793143 0.292235
0.804753 0.321538
0.814272 0.355132
0.821225 0.392857
0.825149 0.434210
0.825586 0.478297
0.822065 0.523851
0.814099 0.569344
0.801189 0.613158
0.782843 0.653786
0.758632 0.689981
0.728277 0.720827
0.691780 0.745723
0.649577 0.764315
0.602673 0.776411
0.552681 0.781902
0.501706 0.780714
0.452068 0.772794
0.405949 0.758132
0.365101 0.736826
0.330710 0.709176
0.303413 0.675792
0.283415 0.637683
0.270622 0.596282
0.264756 0.553360
0.265419 0.510837
0.272115 0.470531
0.284246 0.433941
0.301096 0.402108
0.321815 0.375601
0.345429 0.354570
0.370874 0.338841
0.397062 0.328017
0.422961 0.321554
0.447671 0.318821
0.470482 0.319145
0.490903 0.321843
0.508653 0.326250
0.523635 0.331742
0.535897 0.337755
0.545586 0.343798
0.552905 0.349468
0.558079 0.354447
0.561326 0.358504
0.562836 0.361489
0.562760 0.363325
0.561199 0.364003
0.558205 0.363570
0.553780 0.362128
0.547885 0.359829
0.540449 0.356874
0.531381 0.353512
0.520586 0.350038
0.507990 0.346796
0.493559 0.344174
0.477325 0.342599
0.459410 0.342531
0.440051 0.344450
0.419607 0.348843
0.398570 0.356186
0.377544 0.366918
0.357226 0.381408
0.338364 0.399916
0.321721 0.422538
0.308031 0.449154
0.297974 0.479374
0.292161 0.512503
0.291120 0.547558
0.295297 0.583322
0.305050 0.618455
0.320628 0.651638
0.342132 0.681688
0.369460 0.707656
0.402233 0.728845
0.439727 0.744801
0.480844 0.755257
0.524153 0.760086
0.597435 0.754375
0.636943 0.744505
0.673414 0.729472
0.706024 0.709381
0.734271 0.684434
0.757930 0.654966
0.776992 0.621494
0.791589 0.584735
0.801939 0.545608
0.808304 0.505181
0.810959 0.464587
0.810181 0.424918
0.806244 0.387119
0.799418 0.351922
0.789983 0.319816
0.778231 0.291055
0.764478 0.265696
0.749068 0.243644
0.732380 0.224703
0.714820 0.208617
0.696818 0.195098
0.678817 0.183849
0.661255 0.174583
0.644556 0.167027
0.629112 0.160935
0.615273 0.156083
0.603342 0.152280
0.593571 0.149362
0.586163 0.147199
0.581269 0.145693
0.579000 0.144781
0.579420 0.144435
0.582552 0.144661
0.588374 0.145504
0.596817 0.147044
0.607757 0.149400
0.621010 0.152728
0.636326 0.157223
0.653385 0.163120
0.671800 0.170690
0.691127 0.180245
0.710873 0.192134
0.730522 0.206733
0.749550 0.224440
0.767450 0.245649
0.783741 0.270720
0.797983 0.299923
0.809772 0.333375
0.818738 0.370950
0.824530 0.412207
0.826801 0.456332
0.825198 0.502153
0.819347 0.548228
0.808853 0.593005
0.793315 0.635011
0.772359 0.673004
0.745702 0.706055
0.713243 0.733551
0.675192 0.755138
0.632190 0.770639
0.585391 0.779976
0.536442 0.783112
0.487327 0.780020
0.440107 0.770682
0.396629 0.755118
0.358326 0.733447
0.326138 0.705966
0.300556 0.673249
0.281724 0.636209
0.269553 0.596121
0.263810 0.554556
0.264167 0.513220
0.270220 0.473760
0.281487 0.437572
0.297383 0.405679
0.317207 0.378697
0.340135 0.356873
0.365240 0.340157
0.391534 0.328281
0.418035 0.320829
0.443838 0.317287
0.468177 0.317085
0.490471 0.319624
0.510332 0.324295
0.527561 0.330504
0.542118 0.337688
0.554088 0.345332
0.563641 0.352982
0.571000 0.360255
0.576406 0.366841
0.580103 0.372506
0.582312 0.377085
0.583220 0.380475
0.582977 0.382627
0.581683 0.383540
0.579397 0.383251
0.576126 0.381834
0.571841 0.379393
0.566473 0.376065
0.559925 0.372016
0.552081 0.367448
0.542818 0.362595
0.532016 0.357730
0.519580 0.353162
0.505455 0.349232
0.489647 0.346316
0.472241 0.344812
0.453420 0.345135
0.433476 0.347707
0.412814 0.352942
0.391941 0.361228
0.371452 0.372906
0.351997 0.388237
0.334248 0.407374
0.318868 0.430310
0.306481 0.456842
0.297652 0.486531
0.292884 0.518688
0.292608 0.552390
0.297186 0.586545
0.306907 0.619979
0.321967 0.651549
0.342444 0.680235
0.368246 0.705213
0.399057 0.725866
0.434281 0.741777
0.473012 0.752690
0.514057 0.758464
0.556018 0.759033
0.627202 0.746392
0.662962 0.733273
0.695416 0.715427
0.724021 0.692974
0.748480 0.666133
0.768691 0.635264
0.784697 0.600900
0.796632 0.563757
0.804680 0.524723
0.809045 0.484799
0.809936 0.445021
0.807553 0.406366
0.802094 0.369665
0.793749 0.335555
0.782717 0.304454
0.769210 0.276576
0.753462 0.251964
0.735745 0.230529
0.716364 0.212096
0.695670 0.196429
0.674046 0.183268
0.651906 0.172340
0.629678 0.163375
0.607787 0.156114
0.586641 0.150312
0.566612 0.145742
0.548032 0.142195
0.531179 0.139481
0.516281 0.137432
0.503517 0.135897
0.493024 0.134750
0.484905 0.133885
0.479235 0.133220
0.476070 0.132699
0.475449 0.132289
0.477402 0.131986
0.481945 0.131810
0.489081 0.131811
0.498793 0.132064
0.511036 0.132671
0.525728 0.133763
0.542734 0.135495
0.561862 0.138049
0.582847 0.141635
0.605353 0.146490
0.628972 0.152881
0.653236 0.161102
0.677635 0.171478
0.701641 0.184359
0.724734 0.200118
0.746423 0.219130
0.766263 0.241758
0.783864 0.268307
0.798889 0.298977
0.811045 0.333791
0.820071 0.372521
0.825718 0.414619
0.827739 0.459193
0.825866 0.505039
0.819813 0.550744
0.809266 0.594852
0.793906 0.636025
0.773432 0.673172
0.747627 0.705501
0.716426 0.732512
0.680026 0.753931
0.638984 0.769639
0.594287 0.779602
0.547346 0.783817
0.499880 0.782284
0.453718 0.774998
0.410559 0.761971
0.371786 0.743272
0.338373 0.719091
0.310895 0.689812
0.289598 0.656081
0.274495 0.618855
0.265448 0.579378
0.262228 0.539103
0.264541 0.499548
0.272037 0.462124
0.284294 0.428001
0.300801 0.398019
0.320939 0.372681
0.343977 0.352186
0.369086 0.336490
0.395375 0.325371
0.421944 0.318479
0.447949 0.315385
0.472659 0.315600
0.495494 0.318605
0.516052 0.323864
0.534099 0.330838
0.549555 0.339005
0.562464 0.347870
0.572965 0.356982
0.581259 0.365947
0.587583 0.374430
0.592187 0.382161
0.595318 0.388938
0.597204 0.394613
0.598044 0.399096
0.598004 0.402340
0.597209 0.404334
0.595747 0.405098
0.593662 0.404675
0.590961 0.403128
0.587616 0.400538
0.583563 0.397005
0.578713 0.392645
0.572952 0.387596
0.566153 0.382020
0.558179 0.376105
0.548896 0.370066
0.538182 0.364150
0.525943 0.358633
0.512123 0.353817
0.496726 0.350033
0.479824 0.347626
0.461576 0.346956
0.442234 0.348386
0.422147 0.352272
0.401753 0.358949
0.381565 0.368716
0.362149 0.381813
0.344097 0.398398
0.327995 0.418511
0.314403 0.442046
0.303838 0.468715
0.296758 0.498028
0.293566 0.529294
0.294607 0.561645
0.300166 0.594100
0.310466 0.625639
0.325650 0.655288
0.345760 0.682195
0.370693 0.705666
0.400158 0.725182
0.433634 0.740386
0.470344 0.751049
0.509274 0.757037
0.549229 0.758276
0.588942 0.754731
0.656643 0.734843
0.688486 0.718505
0.716886 0.697827
0.741516 0.672962
0.762228 0.644175
0.779008 0.611873
0.791931 0.576630
0.801126 0.539180
0.806747 0.500391
0.808952 0.461207
0.807895 0.422567
0.803722 0.385327
0.796567 0.350195
0.786565 0.317695
0.773853 0.288160
0.758585 0.261747
0.740940 0.238470
0.721136 0.218236
0.699433 0.200877
0.676139 0.186182
0.651612 0.173913
0.626246 0.163829
0.600465 0.155685
0.574700 0.149249
0.549370 0.144296
0.524868 0.140615
0.501538 0.138007
0.479672 0.136287
0.459501 0.135278
0.441198 0.134820
0.424886 0.134762
0.410643 0.134967
0.398513 0.135311
0.388518 0.135687
0.380664 0.136002
0.374954 0.136181
0.371387 0.136170
0.369970 0.135934
0.370719 0.135460
0.373657 0.134756
0.378819 0.133853
0.386246 0.132804
0.395981 0.131683
0.408063 0.130584
0.422517 0.129623
0.439344 0.128931
0.458502 0.128660
0.479899 0.128978
0.503369 0.130070
0.528669 0.132140
0.555467 0.135411
0.583349 0.140127
0.611828 0.146554
0.640368 0.154981
0.668416 0.165724
0.695424 0.179116
0.720890 0.195507
0.744367 0.215245
0.765480 0.238652
0.783923 0.265986
0.799448 0.297390
0.811855 0.332821
0.820967 0.371986
0.826618 0.414289
0.828630 0.458812
0.826806 0.504366
0.820923 0.549595
0.810730 0.593132
0.795965 0.633743
0.776382 0.670437
0.751798 0.702508
0.722158 0.729514
0.687621 0.751226
0.648647 0.767556
0.606055 0.778495
0.561039 0.784060
0.515088 0.784272
0.469833 0.779138
0.426853 0.768667
0.387499 0.752896
0.352789 0.731937
0.323386 0.706036
0.299638 0.675636
0.281656 0.641429
0.269390 0.604372
0.262689 0.565660
0.261340 0.526630
0.265083 0.488638
0.273610 0.452913
0.286550 0.420458
0.303449 0.391988
0.323755 0.367929
0.346809 0.348451
0.371861 0.333522
0.398095 0.322955
0.424676 0.316459
0.450808 0.313666
0.475787 0.314156
0.499037 0.317474
0.520138 0.323145
0.538826 0.330679
0.554985 0.339591
0.568618 0.349411
0.579828 0.359697
0.588788 0.370048
0.595717 0.380114
0.600858 0.389601
0.604463 0.398275
0.606778 0.405962
0.608029 0.412536
0.608422 0.417924
0.608129 0.422088
0.607293 0.425023
0.606019 0.426747
0.604376 0.427294
0.602403 0.426714
0.600101 0.425064
0.597444 0.422411
0.594376 0.418828
0.590817 0.414398
0.586666 0.409215
0.581802 0.403390
0.576095 0.397049
0.569404 0.390339
0.561592 0.383432
0.552526 0.376524
0.542090 0.369837
0.530197 0.363622
0.516797 0.358148
0.501894 0.353709
0.485555 0.350612
0.467920 0.349172
0.449215 0.349709
0.429744 0.352533
0.409894 0.357938
0.390117 0.366191
0.370913 0.377509
0.352808 0.392047
0.336331 0.409870
0.321989 0.430930
0.310256 0.455034
0.301558 0.481827
0.296272 0.510783
0.294723 0.541214
0.297189 0.572306
0.303894 0.603172
0.315011 0.632920
0.330637 0.660719
0.350778 0.685849
0.375314 0.707733
0.403958 0.725937
0.436229 0.740158
0.471431 0.750198
0.508667 0.755936
0.546892 0.757302
0.584993 0.754253
0.621893 0.746768
0.685036 0.719266
0.712669 0.699876
0.736882 0.676568
0.757509 0.649544
0.774506 0.619127
0.787908 0.585777
0.797805 0.550101
0.804310 0.512838
0.807546 0.474817
0.807631 0.436896
0.804672 0.399897
0.798769 0.364542
0.790009 0.331406
0.778482 0.300900
0.764279 0.273271
0.747513 0.248622
0.728322 0.226943
0.706883 0.208137
0.683424 0.192050
0.658225 0.178493
0.631619 0.167262
0.603990 0.158145
0.575756 0.150932
0.547351 0.145421
0.519207 0.141420
0.491727 0.138744
0.465271 0.137217
0.440141 0.136673
0.416575 0.136952
0.394744 0.137902
0.374759 0.139375
0.356678 0.141229
0.340519 0.143328
0.326267 0.145544
0.313886 0.147753
0.303326 0.149844
0.294535 0.151714
0.287462 0.153273
0.282063 0.154445
0.278302 0.155170
0.276158 0.155404
0.275627 0.155124
0.276717 0.154323
0.279458 0.153017
0.283893 0.151239
0.290084 0.149042
0.298105 0.146499
0.308045 0.143698
0.319997 0.140743
0.334056 0.137753
0.350309 0.134857
0.368823 0.132199
0.389632 0.129929
0.412719 0.128208
0.438000 0.127208
0.465307 0.127108
0.494375 0.128101
0.524842 0.130391
0.556250 0.134201
0.588068 0.139771
0.619716 0.147359
0.650610 0.157246
0.680187 0.169734
0.707947 0.185135
0.733466 0.203766
0.756403 0.225924
0.776500 0.251855
0.793566 0.281709
0.807459 0.315485
0.818066 0.352968
0.825283 0.393677
0.828999 0.436843
0.829083 0.481427
0.825378 0.526208
0.817697 0.569901
0.805829 0.611299
0.789564 0.649385
0.768715 0.683389
0.743170 0.712803
0.712951 0.737335
0.678290 0.756856
0.639692 0.771341
0.597980 0.780810
0.554284 0.785300
0.509962 0.784837
0.466470 0.779436
0.425195 0.769107
0.387318 0.753884
0.353733 0.733861
0.325032 0.709245
0.301539 0.680402
0.283372 0.647909
0.270505 0.612571
0.262827 0.575408
0.260168 0.537589
0.262324 0.500332
0.269052 0.464793
0.280063 0.431959
0.295001 0.402588
0.313432 0.377188
0.334826 0.356031
0.358557 0.339192
0.383919 0.326593
0.410157 0.318044
0.436506 0.313271
0.462247 0.311945
0.486744 0.313692
0.509486 0.318110
0.530097 0.324772
0.548343 0.333239
0.564117 0.343068
0.577425 0.353824
0.588359 0.365094
0.597080 0.376495
0.603790 0.387689
0.608721 0.398384
0.612115 0.408344
0.614216 0.417386
0.615255 0.425380
0.615449 0.432240
0.614990 0.437922
0.614043 0.442410
0.612746 0.445717
0.611206 0.447871
0.609499 0.448913
0.607672 0.448890
0.605745 0.447856
0.603709 0.445862
0.601535 0.442966
0.599166 0.439222
0.596528 0.434692
0.593530 0.429440
0.590063 0.423540
0.586007 0.417075
0.581234 0.410145
0.575608 0.402865
0.568996 0.395374
0.561266 0.387828
0.552301 0.380411
0.542002 0.373326
0.530298 0.366802
0.517158 0.361083
0.502598 0.356430
0.486692 0.353118
0.469580 0.351423
0.451472 0.351623
0.432650 0.353989
0.413463 0.358774
0.394316 0.366207
0.375653 0.376478
0.357942 0.389721
0.341654 0.406002
0.327242 0.425292
0.315131 0.447448
0.305706 0.472194
0.299312 0.499114
0.296245 0.527651
0.296763 0.557129
0.301080 0.586794
0.309367 0.615858
0.321742 0.643559
0.338258 0.669206
0.358879 0.692216
0.383455 0.712123
0.411687 0.728583
0.443111 0.741352
0.477080 0.750271
0.512790 0.755239
0.549315 0.756191
0.585685 0.753088
0.620959 0.745903
0.654301 0.734625
0.711661 0.699206
0.735069 0.676863
0.755168 0.651031
0.771902 0.621982
0.785288 0.590106
0.795387 0.555923
0.802288 0.520073
0.806087 0.483286
0.806875 0.446341
0.804737 0.410001
0.799744 0.374961
0.791957 0.341805
0.781433 0.310977
0.768226 0.282774
0.752402 0.257360
0.734046 0.234784
0.713275 0.215007
0.690250 0.197925
0.665183 0.183395
0.638347 0.171247
0.610070 0.161303
0.580737 0.153381
0.550769 0.147303
0.520608 0.142900
0.490691 0.140008
0.461430 0.138474
0.433190 0.138149
0.406273 0.138895
0.380913 0.140574
0.357275 0.143054
0.335457 0.146204
0.315503 0.149895
0.297407 0.153997
0.281131 0.158383
0.266612 0.162925
0.253770 0.167497
0.242518 0.171976
0.232766 0.176243
0.224429 0.180187
0.217427 0.183703
0.211689 0.186696
0.207155 0.189085
0.203780 0.190801
0.201530 0.191791
0.200385 0.192021
0.200342 0.191472
0.201413 0.190144
0.203623 0.188058
0.207018 0.185252
0.211655 0.181782
0.217611 0.177723
0.224978 0.173165
0.233861 0.168211
0.244380 0.162978
0.256665 0.157591
0.270850 0.152184
0.287071 0.146899
0.305451 0.141879
0.326091 0.137272
0.349055 0.133228
0.374351 0.129902
0.401909 0.127449
0.431568 0.126031
0.463058 0.125818
0.495997 0.126989
0.529897 0.129736
0.564190 0.134266
0.598260 0.140806
0.631482 0.149602
0.663271 0.160918
0.693110 0.175034
0.720574 0.192236
0.745337 0.212798
0.767164 0.236960
0.785897 0.264886
0.801434 0.296623
0.813706 0.332039
0.822657 0.370781
0.828231 0.412234
0.830349 0.455528
0.828910 0.499586
0.823782 0.543222
0.814805 0.585263
0.801802 0.624663
0.784600 0.660582
0.763058 0.692417
0.737113 0.719790
0.706836 0.742506
0.672491 0.760494
0.634591 0.773762
0.593923 0.782347
0.551535 0.786292
0.508662 0.785629
0.466610 0.780373
0.426621 0.770535
0.389758 0.756142
0.356837 0.737269
0.328413 0.714080
0.304802 0.686871
0.286139 0.656114
0.272427 0.622481
0.263586 0.586836
0.259485 0.550199
0.259960 0.513668
0.264819 0.478321
0.273834 0.445129
0.286730 0.414885
0.303166 0.388164
0.322720 0.365332
0.344882 0.346562
0.369054 0.331873
0.394569 0.321164
0.420720 0.314249
0.446803 0.310877
0.472157 0.310749
0.496203 0.313532
0.518477 0.318863
0.538636 0.326356
0.556467 0.335610
0.571871 0.346216
0.584853 0.357769
0.595493 0.369875
0.603939 0.382169
0.610379 0.394318
0.615029 0.406034
0.618122 0.417078
0.619893 0.427260
0.620574 0.436442
0.620385 0.444530
0.619528 0.451472
0.618183 0.457247
0.616508 0.461864
0.614634 0.465350
0.612665 0.467746
0.610681 0.469100
0.608733 0.469464
0.606851 0.468892
0.605040 0.467435
0.603284 0.465141
0.601548 0.462056
0.599779 0.458222
0.597909 0.453683
0.595854 0.448481
0.593518 0.442664
0.590793 0.436285
0.587563 0.429407
0.583706 0.422106
0.579093 0.414474
0.573599 0.406618
0.567097 0.398668
0.559473 0.390773
0.550624 0.383104
0.540469 0.375851
0.528956 0.369224
0.516069 0.363448
0.501837 0.358759
0.486342 0.355403
0.469722 0.353626
0.452181 0.353675
0.433980 0.355787
0.415440 0.360183
0.396929 0.367063
0.378848 0.376591
0.361617 0.388887
0.345659 0.404008
0.331383 0.421935
0.319173 0.442556
0.309380 0.465647
0.302318 0.490865
0.298260 0.517747
0.297445 0.545724
0.300074 0.574145
0.306311 0.602318
0.316280 0.629552
0.330055 0.655202
0.347646 0.678698
0.368975 0.699568
0.393858 0.717446
0.421977 0.732058
0.452867 0.743215
0.485914 0.750790
0.520375 0.754699
0.555418 0.754889
0.590184 0.751322
0.623850 0.743973
0.655687 0.732828
0.685104 0.717892
0.735831 0.674258
0.755055 0.649136
0.771145 0.621001
0.784109 0.590203
0.793995 0.557204
0.800874 0.522573
0.804822 0.486966
0.805913 0.451083
0.804213 0.415626
0.799775 0.381247
0.792642 0.348507
0.782847 0.317852
0.770424 0.289596
0.755407 0.263937
0.737847 0.240960
0.717820 0.220668
0.695437 0.202995
0.670858 0.187834
0.644302 0.175048
0.616047 0.164488
0.586432 0.155998
0.555849 0.149425
0.524729 0.144621
0.493517 0.141445
0.462651 0.139764
0.432536 0.139454
0.403527 0.140396
0.375914 0.142477
0.349915 0.145588
0.325675 0.149621
0.303276 0.154468
0.282742 0.160019
0.264051 0.166164
0.247147 0.172786
0.231950 0.179769
0.218363 0.186990
0.206282 0.194324
0.195598 0.201644
0.186206 0.208823
0.178006 0.215736
0.170901 0.222259
0.164807 0.228275
0.159648 0.233675
0.155357 0.238356
0.151878 0.242230
0.149167 0.245220
0.147189 0.247263
0.145922 0.248314
0.145355 0.248342
0.145487 0.247334
0.146329 0.245296
0.147906 0.242253
0.150253 0.238245
0.153418 0.233333
0.157464 0.227593
0.162466 0.221118
0.168513 0.214016
0.175710 0.206406
0.184173 0.198418
0.194036 0.190191
0.205442 0.181867
0.218544 0.173593
0.233505 0.165514
0.250482 0.157777
0.269627 0.150523
0.291068 0.143891
0.314896 0.138020
0.341147 0.133042
0.369776 0.129093
0.400641 0.126308
0.433485 0.124828
0.467928 0.124801
0.503474 0.126389
0.539532 0.129764
0.575456 0.135119
0.610588 0.142664
0.644307 0.152630
0.676067 0.165262
0.705422 0.180816
0.732037 0.199546
0.755680 0.221683
0.776204 0.247408
0.793529 0.276809
0.807616 0.309839
0.818445 0.346266
0.825997 0.385633
0.830241 0.427246
0.831124 0.470192
0.828560 0.513410
0.822438 0.555785
0.812619 0.596261
0.798953 0.633930
0.781294 0.668089
0.759536 0.698253
0.733645 0.724132
0.703715 0.745587
0.670017 0.762583
0.633041 0.775143
0.593519 0.783313
0.552407 0.787141
0.510824 0.786659
0.469952 0.781883
0.430920 0.772824
0.394710 0.759499
0.362090 0.741963
0.333600 0.720341
0.309565 0.694863
0.290143 0.665908
0.275366 0.634024
0.265185 0.599937
0.259501 0.564528
0.258185 0.528776
0.261082 0.493686
0.268014 0.460203
0.278767 0.429140
0.293076 0.401137
0.310611 0.376641
0.330963 0.355919
0.353640 0.339081
0.378070 0.326114
0.403621 0.316910
0.429630 0.311291
0.455439 0.309028
0.480434 0.309850
0.504083 0.313457
0.525954 0.319518
0.545732 0.327681
0.563215 0.337577
0.578311 0.348824
0.591016 0.361040
0.601402 0.373850
0.609602 0.386899
0.615789 0.399860
0.620165 0.412447
0.622949 0.424414
0.624369 0.435567
0.624652 0.445757
0.624017 0.454881
0.622670 0.462880
0.620802 0.469727
0.618582 0.475425
0.616159 0.480000
0.613657 0.483493
0.611178 0.485957
0.608798 0.487448
0.606573 0.488026
0.604535 0.487746
0.602698 0.486664
0.601057 0.484826
0.599590 0.482274
0.598260 0.479047
0.597015 0.475176
0.595791 0.470690
0.594513 0.465617
0.593096 0.459984
0.591443 0.453824
0.589452 0.447172
0.587014 0.440075
0.584012 0.432591
0.580329 0.424789
0.575845 0.416757
0.570444 0.408600
0.564015 0.400441
0.556458 0.392425
0.547687 0.384711
0.537639 0.377481
0.526278 0.370929
0.513605 0.365262
0.499660 0.360697
0.484533 0.357457
0.468365 0.355763
0.451351 0.355835
0.433740 0.357884
0.415830 0.362105
0.397959 0.368672
0.380492 0.377728
0.363810 0.389375
0.348298 0.403664
0.334325 0.420579
0.322240 0.440023
0.312364 0.461805
0.304983 0.485633
0.300350 0.511110
0.298685 0.537745
0.300175 0.564973
0.304977 0.592179
0.313213 0.618742
0.324964 0.644063
0.340262 0.667603
0.359073 0.688900
0.381278 0.707580
0.406655 0.723354
0.434860 0.736015
0.465420 0.745415
0.497739 0.751456
0.531121 0.754071
0.564810 0.753214
0.598042 0.748854
0.630097 0.740967
0.660346 0.729540
0.688281 0.714580
0.713526 0.696124
0.344372 0.704331
