0.292744 0.651601
0.289681 0.658908
0.285887 0.656266
0.284323 0.645344
0.286485 0.634447
0.290495 0.632069
0.293127 0.639783
0.296842 0.657985
0.294009 0.668419
0.289865 0.673153
0.285242 0.670785
0.281456 0.661594
0.279895 0.647825
0.281281 0.633333
0.285167 0.622385
0.290115 0.618102
0.294488 0.621433
0.297219 0.631136
0.297978 0.644456
0.301109 0.664494
0.298791 0.675521
0.295489 0.683366
0.291336 0.687119
0.286669 0.686205
0.282058 0.680493
0.278236 0.670418
0.275945 0.657059
0.275714 0.642095
0.277679 0.627579
0.281502 0.615555
0.286452 0.607654
0.291621 0.604808
0.296195 0.607165
0.299649 0.614183
0.301791 0.624821
0.302669 0.637734
0.302411 0.651447
0.305563 0.671112
0.303716 0.681853
0.301202 0.690681
0.297999 0.697112
0.294146 0.700744
0.289777 0.701270
0.285135 0.698513
0.280570 0.692465
0.276504 0.683332
0.273377 0.671574
0.271576 0.657913
0.271366 0.643300
0.272830 0.628836
0.275844 0.615644
0.280086 0.604738
0.285086 0.596897
0.290309 0.592601
0.295252 0.592009
0.299523 0.594991
0.302892 0.601184
0.305288 0.610060
0.306764 0.620984
0.307436 0.633260
0.307419 0.646171
0.306788 0.659012
0.310225 0.677824
0.308775 0.687973
0.306879 0.696891
0.304487 0.704319
0.301567 0.710025
0.298121 0.713798
0.294197 0.715460
0.289894 0.714870
0.285372 0.711937
0.280839 0.706640
0.276549 0.699048
0.272772 0.689332
0.269778 0.677787
0.267802 0.664828
0.267023 0.650986
0.267538 0.636875
0.269346 0.623155
0.272346 0.610475
0.276338 0.599426
0.281049 0.590492
0.286152 0.584021
0.291311 0.580210
0.296216 0.579112
0.300616 0.580651
0.304342 0.584647
0.307310 0.590844
0.309522 0.598927
0.311035 0.608551
0.311945 0.619346
0.312354 0.630935
0.312348 0.642939
0.311984 0.654987
0.311281 0.666727
0.315114 0.684615
0.313968 0.694302
0.312505 0.703107
0.310673 0.710877
0.308428 0.717469
0.305740 0.722750
0.302597 0.726594
0.299014 0.728882
0.295036 0.729512
0.290741 0.728398
0.286241 0.725477
0.281680 0.720721
0.277228 0.714146
0.273069 0.705819
0.269398 0.695871
0.266399 0.684501
0.264238 0.671978
0.263048 0.658641
0.262915 0.644881
0.263877 0.631129
0.265911 0.617829
0.268937 0.605415
0.272816 0.594281
0.277365 0.584761
0.282363 0.577116
0.287572 0.571519
0.292756 0.568061
0.297696 0.566753
0.302211 0.567537
0.306169 0.570298
0.309493 0.574881
0.312159 0.581099
0.314189 0.588745
0.315643 0.597598
0.316601 0.607432
0.317150 0.618016
0.317374 0.629116
0.317338 0.640505
0.317087 0.651957
0.316639 0.663260
0.315990 0.674209
0.320249 0.691468
0.319382 0.700585
0.318290 0.709055
0.316927 0.716788
0.315254 0.723697
0.313235 0.729698
0.310841 0.734713
0.308056 0.738660
0.304879 0.741465
0.301325 0.743053
0.297427 0.743357
0.293242 0.742315
0.288843 0.739879
0.284326 0.736015
0.279803 0.730710
0.275401 0.723975
0.271254 0.715855
0.267499 0.706430
0.264269 0.695818
0.261688 0.684183
0.259862 0.671727
0.258875 0.658695
0.258782 0.645361
0.259609 0.632020
0.261345 0.618980
0.263946 0.606543
0.267333 0.594992
0.271395 0.584584
0.275993 0.575531
0.280967 0.568002
0.286148 0.562114
0.291360 0.557934
0.296440 0.555482
0.301239 0.554733
0.305634 0.555628
0.309536 0.558081
0.312890 0.561982
0.315672 0.567207
0.317896 0.573621
0.319596 0.581084
0.320829 0.589454
0.321665 0.598584
0.322175 0.608329
0.322428 0.618543
0.322486 0.629081
0.322395 0.639800
0.322188 0.650561
0.321878 0.661231
0.321465 0.671684
0.320931 0.681800
0.325652 0.698364
0.325023 0.707019
0.324226 0.715170
0.323225 0.722762
0.321983 0.729738
0.320466 0.736046
0.318644 0.741632
0.316494 0.746445
0.313998 0.750431
0.311147 0.753537
0.307943 0.755711
0.304401 0.756899
0.300546 0.757052
0.296419 0.756123
0.292074 0.754072
0.287579 0.750864
0.283013 0.746478
0.278468 0.740904
0.274041 0.734149
0.269836 0.726241
0.265959 0.717230
0.262511 0.707193
0.259589 0.696233
0.257280 0.684484
0.255658 0.672104
0.254781 0.659279
0.254688 0.646215
0.255399 0.633132
0.256909 0.620256
0.259193 0.607815
0.262203 0.596026
0.265866 0.585090
0.270091 0.575184
0.274770 0.566457
0.279779 0.559027
0.284986 0.552978
0.290258 0.548359
0.295463 0.545191
0.300477 0.543462
0.305193 0.543138
0.309522 0.544164
0.313397 0.546469
0.316776 0.549968
0.319641 0.554572
0.321996 0.560182
0.323865 0.566702
0.325290 0.574030
0.326322 0.582066
0.327020 0.590712
0.327448 0.599866
0.327663 0.609430
0.327722 0.619306
0.327669 0.629395
0.327539 0.639602
0.327356 0.649833
0.327131 0.659998
0.326864 0.670012
0.326542 0.679793
0.326147 0.689268
0.331341 0.705287
0.330940 0.713314
0.330418 0.720957
0.329746 0.728183
0.328895 0.734958
0.327838 0.741250
0.326549 0.747027
0.325005 0.752256
0.323184 0.756905
0.321071 0.760938
0.318655 0.764321
0.315929 0.767019
0.312895 0.768994
0.309559 0.770210
0.305940 0.770630
0.302060 0.770220
0.297954 0.768946
0.293664 0.766778
0.289241 0.763690
0.284744 0.759662
0.280238 0.754682
0.275795 0.748745
0.271489 0.741860
0.267397 0.734046
0.263596 0.725340
0.260160 0.715792
0.257160 0.705472
0.254661 0.694467
0.252720 0.682883
0.251384 0.670842
0.250691 0.658481
0.250666 0.645950
0.251322 0.633407
0.252657 0.621017
0.254656 0.608943
0.257290 0.597344
0.260515 0.586368
0.264274 0.576155
0.268498 0.566824
0.273104 0.558477
0.278003 0.551195
0.283099 0.545040
0.288292 0.540050
0.293482 0.536245
0.298573 0.533623
0.303474 0.532170
0.308108 0.531852
0.312405 0.532626
0.316315 0.534441
0.319800 0.537236
0.322840 0.540946
0.325428 0.545504
0.327576 0.550843
0.329304 0.556892
0.330646 0.563584
0.331643 0.570851
0.332341 0.578627
0.332789 0.586845
0.333037 0.595441
0.333131 0.604350
0.333115 0.613507
0.333025 0.622847
0.332893 0.632307
0.332740 0.641824
0.332580 0.651338
0.332420 0.660790
0.332258 0.670125
0.332086 0.679290
0.331890 0.688235
0.331649 0.696915
0.337339 0.712218
0.337132 0.719829
0.336831 0.727127
0.336411 0.734090
0.335850 0.740695
0.335123 0.746921
0.334208 0.752748
0.333083 0.758154
0.331730 0.763117
0.330130 0.767614
0.328269 0.771620
0.326134 0.775111
0.323718 0.778060
0.321016 0.780440
0.318028 0.782223
0.314761 0.783381
0.311226 0.783884
0.307441 0.783704
0.303429 0.782814
0.299222 0.781187
0.294855 0.778799
0.290373 0.775627
0.285824 0.771655
0.281260 0.766869
0.276740 0.761263
0.272323 0.754837
0.268072 0.747599
0.264047 0.739569
0.260311 0.730776
0.256922 0.721261
0.253935 0.711079
0.251401 0.700298
0.249366 0.689000
0.247867 0.677276
0.246938 0.665234
0.246600 0.652987
0.246869 0.640659
0.247749 0.628377
0.249238 0.616272
0.251320 0.604472
0.253972 0.593103
0.257159 0.582283
0.260837 0.572120
0.264953 0.562712
0.269446 0.554143
0.274245 0.546481
0.279275 0.539782
0.284457 0.534083
0.289710 0.529408
0.294951 0.525767
0.300101 0.523156
0.305087 0.521559
0.309840 0.520951
0.314302 0.521295
0.318424 0.522551
0.322170 0.524672
0.325513 0.527607
0.328442 0.531304
0.330953 0.535710
0.333056 0.540770
0.334771 0.546431
0.336124 0.552643
0.337149 0.559354
0.337884 0.566515
0.338371 0.574078
0.338653 0.581994
0.338772 0.590217
0.338768 0.598700
0.338679 0.607396
0.338538 0.616258
0.338373 0.625240
0.338205 0.634296
0.338051 0.643381
0.337920 0.652450
0.337817 0.661461
0.337739 0.670374
0.337679 0.679151
0.337626 0.687755
0.337564 0.696154
0.337476 0.704318
0.343664 0.719138
0.343637 0.726228
0.343539 0.733067
0.343349 0.739640
0.343049 0.745935
0.342621 0.751938
0.342046 0.757637
0.341306 0.763017
0.340385 0.768066
0.339267 0.772768
0.337938 0.777108
0.336384 0.781071
0.334595 0.784639
0.332561 0.787793
0.330276 0.790515
0.327735 0.792784
0.324937 0.794579
0.321885 0.795880
0.318585 0.796665
0.315047 0.796910
0.311286 0.796595
0.307322 0.795697
0.303177 0.794196
0.298882 0.792071
0.294467 0.789305
0.289969 0.785879
0.285430 0.781782
0.280891 0.777001
0.276399 0.771532
0.272001 0.765371
0.267745 0.758524
0.263678 0.751000
0.259850 0.742817
0.256305 0.734001
0.253088 0.724587
0.250240 0.714618
0.247799 0.704147
0.245798 0.693237
0.244268 0.681957
0.243231 0.670389
0.242707 0.658617
0.242709 0.646736
0.243245 0.634841
0.244315 0.623032
0.245915 0.611409
0.248031 0.600071
0.250645 0.589112
0.253732 0.578625
0.257258 0.568692
0.261186 0.559389
0.265468 0.550783
0.270055 0.542931
0.274890 0.535879
0.279914 0.529663
0.285063 0.524309
0.290274 0.519831
0.295482 0.516235
0.300623 0.513515
0.305638 0.511662
0.310469 0.510654
0.315067 0.510466
0.319387 0.511066
0.323393 0.512421
0.327056 0.514492
0.330357 0.517238
0.333284 0.520620
0.335836 0.524595
0.338016 0.529123
0.339838 0.534163
0.341321 0.539676
0.342488 0.545625
0.343369 0.551972
0.343996 0.558684
0.344403 0.565725
0.344624 0.573062
0.344696 0.580661
0.344653 0.588491
0.344527 0.596517
0.344348 0.604708
0.344142 0.613031
0.343933 0.621453
0.343738 0.629940
0.343571 0.638461
0.343443 0.646984
0.343359 0.655477
0.343319 0.663912
0.343322 0.672259
0.343360 0.680492
0.343424 0.688586
0.343501 0.696517
0.343579 0.704266
0.343639 0.711812
0.350338 0.726028
0.350472 0.732678
0.350550 0.739121
0.350554 0.745347
0.350470 0.751349
0.350283 0.757117
0.349977 0.762645
0.349539 0.767923
0.348953 0.772942
0.348208 0.777695
0.347289 0.782171
0.346184 0.786358
0.344884 0.790247
0.343377 0.793824
0.341654 0.797077
0.339709 0.799991
0.337534 0.802553
0.335126 0.804746
0.332483 0.806555
0.329606 0.807963
0.326497 0.808953
0.323163 0.809507
0.319612 0.809608
0.315857 0.809237
0.311914 0.808378
0.307802 0.807013
0.303543 0.805125
0.299163 0.802698
0.294690 0.799717
0.290157 0.796169
0.285596 0.792043
0.281044 0.787328
0.276539 0.782019
0.272118 0.776113
0.267821 0.769610
0.263687 0.762516
0.259754 0.754840
0.256060 0.746600
0.252641 0.737817
0.249531 0.728520
0.246762 0.718744
0.244363 0.708532
0.242360 0.697933
0.240777 0.687003
0.239632 0.675804
0.238942 0.664404
0.238719 0.652875
0.238970 0.641294
0.239698 0.629740
0.240904 0.618292
0.242580 0.607030
0.244718 0.596034
0.247302 0.585378
0.250312 0.575136
0.253723 0.565374
0.257506 0.556153
0.261625 0.547530
0.266044 0.539551
0.270717 0.532257
0.275600 0.525680
0.280643 0.519846
0.285794 0.514770
0.291001 0.510464
0.296210 0.506929
0.301370 0.504161
0.306430 0.502150
0.311341 0.500881
0.316060 0.500333
0.320547 0.500482
0.324768 0.501301
0.328693 0.502758
0.332301 0.504824
0.335575 0.507463
0.338506 0.510643
0.341091 0.514331
0.343333 0.518493
0.345240 0.523097
0.346827 0.528113
0.348111 0.533509
0.349114 0.539259
0.349863 0.545334
0.350384 0.551708
0.350706 0.558356
0.350860 0.565254
0.350875 0.572377
0.350782 0.579701
0.350607 0.587202
0.350379 0.594857
0.350122 0.602643
0.349856 0.610534
0.349602 0.618506
0.349376 0.626535
0.349188 0.634598
0.349049 0.642669
0.348965 0.650726
0.348937 0.658745
0.348966 0.666705
0.349047 0.674584
0.349175 0.682364
0.349341 0.690026
0.349536 0.697553
0.349746 0.704930
0.349960 0.712143
0.350162 0.719179
0.357378 0.732868
0.357660 0.739136
0.357895 0.745228
0.358069 0.751139
0.358170 0.756865
0.358186 0.762399
0.358102 0.767737
0.357909 0.772873
0.357594 0.777803
0.357146 0.782521
0.356553 0.787020
0.355806 0.791293
0.354894 0.795333
0.353808 0.799132
0.352538 0.802681
0.351076 0.805970
0.349415 0.808988
0.347548 0.811725
0.345470 0.814170
0.343177 0.816309
0.340665 0.818131
0.337935 0.819621
0.334988 0.820767
0.331826 0.821554
0.328455 0.821967
0.324884 0.821992
0.321121 0.821615
0.317182 0.820820
0.313080 0.819593
0.308835 0.817920
0.304468 0.815787
0.300001 0.813181
0.295460 0.810088
0.290872 0.806499
0.286267 0.802401
0.281675 0.797788
0.277127 0.792652
0.272656 0.786989
0.268294 0.780799
0.264075 0.774082
0.260029 0.766846
0.256189 0.759098
0.252584 0.750854
0.249244 0.742133
0.246196 0.732957
0.243465 0.723358
0.241074 0.713368
0.239045 0.703029
0.237397 0.692386
0.236144 0.681488
0.235301 0.670391
0.234878 0.659152
0.234883 0.647834
0.235321 0.636501
0.236193 0.625219
0.237497 0.614053
0.239228 0.603069
0.241377 0.592333
0.243933 0.581907
0.246880 0.571849
0.250198 0.562217
0.253864 0.553060
0.257852 0.544425
0.262130 0.536354
0.266667 0.528881
0.271424 0.522037
0.276362 0.515844
0.281441 0.510320
0.286616 0.505478
0.291844 0.501323
0.297078 0.497857
0.302276 0.495074
0.307393 0.492968
0.312389 0.491523
0.317222 0.490725
0.321859 0.490553
0.326267 0.490985
0.330417 0.491995
0.334287 0.493558
0.337858 0.495645
0.341117 0.498230
0.344056 0.501283
0.346672 0.504777
0.348967 0.508684
0.350946 0.512977
0.352620 0.517630
0.354003 0.522620
0.355112 0.527922
0.355969 0.533515
0.356594 0.539377
0.357013 0.545488
0.357251 0.551830
0.357334 0.558383
0.357287 0.565129
0.357137 0.572051
0.356910 0.579131
0.356628 0.586351
0.356314 0.593693
0.355989 0.601140
0.355671 0.608673
0.355376 0.616273
0.355118 0.623921
0.354908 0.631600
0.354754 0.639290
0.354661 0.646973
0.354633 0.654630
0.354671 0.662245
0.354772 0.669801
0.354933 0.677282
0.355149 0.684672
0.355410 0.691959
0.355709 0.699129
0.356035 0.706171
0.356378 0.713074
0.356724 0.719831
0.357062 0.726431
0.364805 0.739640
0.365221 0.745521
0.365596 0.751253
0.365920 0.756834
0.366183 0.762261
0.366374 0.767529
0.366483 0.772638
0.366500 0.777583
0.366416 0.782362
0.366222 0.786972
0.365908 0.791407
0.365466 0.795665
0.364886 0.799740
0.364162 0.803628
0.363283 0.807321
0.362244 0.810814
0.361036 0.814100
0.359652 0.817171
0.358086 0.820019
0.356332 0.822635
0.354385 0.825010
0.352242 0.827135
0.349898 0.828999
0.347352 0.830591
0.344603 0.831901
0.341653 0.832918
0.338504 0.833630
0.335161 0.834025
0.331630 0.834091
0.327918 0.833817
0.324037 0.833190
0.319999 0.832197
0.315818 0.830828
0.311511 0.829069
0.307096 0.826910
0.302592 0.824339
0.298023 0.821345
0.293410 0.817918
0.288779 0.814049
0.284155 0.809729
0.279565 0.804953
0.275035 0.799715
0.270592 0.794011
0.266264 0.787840
0.262078 0.781204
0.258059 0.774108
0.254235 0.766557
0.250628 0.758563
0.247263 0.750141
0.244163 0.741309
0.241347 0.732088
0.238836 0.722507
0.236646 0.712594
0.234794 0.702386
0.233293 0.691921
0.232156 0.681242
0.231392 0.670393
0.231010 0.659426
0.231015 0.648389
0.231411 0.637338
0.232201 0.626325
0.233382 0.615406
0.234951 0.604635
0.236904 0.594066
0.239230 0.583751
0.241921 0.573741
0.244961 0.564083
0.248335 0.554822
0.252023 0.545998
0.256003 0.537650
0.260250 0.529808
0.264738 0.522504
0.269435 0.515759
0.274311 0.509595
0.279331 0.504026
0.284458 0.499063
0.289658 0.494713
0.294891 0.490976
0.300120 0.487853
0.305308 0.485338
0.310417 0.483420
0.315413 0.482090
0.320262 0.481332
0.324933 0.481128
0.329398 0.481460
0.333632 0.482307
0.337613 0.483646
0.341325 0.485454
0.344753 0.487708
0.347888 0.490384
0.350724 0.493458
0.353259 0.496906
0.355496 0.500705
0.357439 0.504834
0.359098 0.509271
0.360484 0.513996
0.361612 0.518989
0.362499 0.524234
0.363162 0.529713
0.363623 0.535410
0.363902 0.541310
0.364022 0.547398
0.364005 0.553661
0.363874 0.560085
0.363651 0.566657
0.363357 0.573363
0.363015 0.580192
0.362643 0.587128
0.362260 0.594160
0.361883 0.601272
0.361527 0.608452
0.361205 0.615685
0.360928 0.622956
0.360706 0.630251
0.360545 0.637556
0.360452 0.644855
0.360427 0.652135
0.360474 0.659382
0.360590 0.666583
0.360773 0.673724
0.361019 0.680793
0.361323 0.687780
0.361677 0.694674
0.362074 0.701465
0.362504 0.708145
0.362958 0.714706
0.363426 0.721142
0.363897 0.727446
0.364360 0.733614
0.372637 0.746323
0.373171 0.751823
0.373670 0.757197
0.374125 0.762444
0.374528 0.767561
0.374870 0.772549
0.375143 0.777404
0.375339 0.782127
0.375450 0.786715
0.375470 0.791166
0.375390 0.795479
0.375203 0.799650
0.374903 0.803678
0.374482 0.807558
0.373935 0.811287
0.373253 0.814861
0.372430 0.818275
0.371460 0.821524
0.370337 0.824603
0.369055 0.827506
0.367609 0.830225
0.365992 0.832755
0.364200 0.835088
0.362229 0.837216
0.360077 0.839131
0.357739 0.840825
0.355215 0.842289
0.352503 0.843515
0.349605 0.844493
0.346522 0.845214
0.343258 0.845668
0.339816 0.845846
0.336204 0.845738
0.332428 0.845333
0.328499 0.844623
0.324427 0.843596
0.320224 0.842243
0.315905 0.840554
0.311486 0.838519
0.306983 0.836129
0.302415 0.833373
0.297801 0.830244
0.293161 0.826732
0.288517 0.822830
0.283890 0.818531
0.279304 0.813829
0.274780 0.808719
0.270342 0.803197
0.266011 0.797263
0.261811 0.790916
0.257763 0.784158
0.253888 0.776994
0.250207 0.769430
0.246739 0.761477
0.243503 0.753148
0.240517 0.744457
0.237796 0.735424
0.235357 0.726072
0.233211 0.716425
0.231373 0.706512
0.229853 0.696366
0.228661 0.686020
0.227804 0.675513
0.227291 0.664884
0.227125 0.654174
0.227312 0.643428
0.227852 0.632689
0.228747 0.622004
0.229995 0.611416
0.231594 0.600972
0.233539 0.590716
0.235823 0.580691
0.238437 0.570938
0.241372 0.561497
0.244614 0.552405
0.248148 0.543696
0.251959 0.535402
0.256026 0.527551
0.260329 0.520168
0.264845 0.513276
0.269547 0.506891
0.274410 0.501029
0.279405 0.495702
0.284502 0.490918
0.289671 0.486681
0.294879 0.482992
0.300094 0.479852
0.305286 0.477254
0.310421 0.475193
0.315471 0.473659
0.320404 0.472640
0.325193 0.472123
0.329813 0.472093
0.334239 0.472531
0.338450 0.473421
0.342429 0.474743
0.346159 0.476478
0.349629 0.478605
0.352829 0.481103
0.355754 0.483954
0.358399 0.487135
0.360767 0.490629
0.362858 0.494417
0.364680 0.498479
0.366240 0.502799
0.367549 0.507360
0.368620 0.512147
0.369466 0.517146
0.370103 0.522343
0.370550 0.527725
0.370823 0.533280
0.370941 0.538997
0.370924 0.544866
0.370792 0.550876
0.370563 0.557018
0.370256 0.563280
0.369892 0.569655
0.369486 0.576131
0.369057 0.582700
0.368621 0.589351
0.368192 0.596074
0.367783 0.602859
0.367408 0.609694
0.367077 0.616568
0.366798 0.623471
0.366578 0.630390
0.366425 0.637315
0.366341 0.644235
0.366330 0.651137
0.366392 0.658010
0.366527 0.664845
0.366733 0.671631
0.367006 0.678357
0.367343 0.685015
0.367737 0.691597
0.368183 0.698094
0.368673 0.704499
0.369199 0.710806
0.369754 0.717009
0.370328 0.723104
0.370913 0.729087
0.371498 0.734952
0.372076 0.740698
0.380890 0.752898
0.381533 0.758061
0.382143 0.763116
0.382715 0.768062
0.383240 0.772898
0.383711 0.777625
0.384123 0.782242
0.384469 0.786748
0.384742 0.791143
0.384936 0.795426
0.385046 0.799596
0.385065 0.803652
0.384989 0.807591
0.384811 0.811413
0.384525 0.815115
0.384126 0.818694
0.383609 0.822147
0.382968 0.825471
0.382197 0.828661
0.381292 0.831715
0.380246 0.834627
0.379055 0.837392
0.377713 0.840005
0.376216 0.842461
0.374560 0.844753
0.372740 0.846876
0.370752 0.848822
0.368594 0.850586
0.366264 0.852160
0.363759 0.853536
0.361079 0.854709
0.358225 0.855669
0.355196 0.856409
0.351996 0.856922
0.348628 0.857199
0.345096 0.857233
0.341407 0.857014
0.337567 0.856535
0.333586 0.855788
0.329472 0.854763
0.325237 0.853453
0.320893 0.851848
0.316454 0.849942
0.311934 0.847724
0.307349 0.845187
0.302715 0.842324
0.298051 0.839125
0.293373 0.835585
0.288701 0.831696
0.284053 0.827453
0.279450 0.822849
0.274910 0.817880
0.270453 0.812542
0.266097 0.806835
0.261863 0.800755
0.257768 0.794305
0.253830 0.787487
0.250067 0.780305
0.246495 0.772765
0.243129 0.764877
0.239986 0.756652
0.237079 0.748102
0.234421 0.739245
0.232024 0.730099
0.229898 0.720686
0.228055 0.711030
0.226503 0.701157
0.225250 0.691095
0.224303 0.680878
0.223668 0.670536
0.223349 0.660105
0.223349 0.649622
0.223673 0.639123
0.224319 0.628646
0.225290 0.618230
0.226583 0.607914
0.228196 0.597735
0.230126 0.587731
0.232366 0.577938
0.234911 0.568391
0.237753 0.559124
0.240880 0.550168
0.244282 0.541552
0.247946 0.533305
0.251856 0.525450
0.255997 0.518010
0.260350 0.511004
0.264894 0.504450
0.269610 0.498362
0.274472 0.492751
0.279458 0.487626
0.284542 0.482993
0.289698 0.478856
0.294897 0.475217
0.300114 0.472074
0.305320 0.469424
0.310488 0.467261
0.315590 0.465577
0.320601 0.464364
0.325495 0.463610
0.330248 0.463302
0.334838 0.463427
0.339246 0.463970
0.343451 0.464914
0.347439 0.466243
0.351196 0.467940
0.354710 0.469986
0.357973 0.472365
0.360980 0.475059
0.363725 0.478050
0.366209 0.481321
0.368433 0.484856
0.370400 0.488639
0.372116 0.492654
0.373588 0.496888
0.374827 0.501325
0.375843 0.505955
0.376649 0.510764
0.377259 0.515742
0.377687 0.520878
0.377949 0.526162
0.378062 0.531586
0.378041 0.537142
0.377905 0.542820
0.377670 0.548614
0.377353 0.554516
0.376971 0.560518
0.376540 0.566614
0.376076 0.572796
0.375593 0.579057
0.375106 0.585389
0.374628 0.591784
0.374172 0.598234
0.373747 0.604732
0.373365 0.611267
0.373034 0.617832
0.372761 0.624417
0.372551 0.631014
0.372411 0.637613
0.372343 0.644205
0.372349 0.650780
0.372431 0.657330
0.372587 0.663846
0.372816 0.670319
0.373115 0.676741
0.373482 0.683105
0.373911 0.689404
0.374398 0.695630
0.374936 0.701779
0.375518 0.707843
0.376138 0.713820
0.376789 0.719704
0.377462 0.725491
0.378150 0.731180
0.378844 0.736767
0.379538 0.742249
0.380222 0.747627
0.389581 0.759346
0.390318 0.764178
0.391026 0.768917
0.391698 0.773563
0.392328 0.778117
0.392911 0.782578
0.393441 0.786947
0.393913 0.791223
0.394323 0.795408
0.394664 0.799500
0.394934 0.803500
0.395126 0.807407
0.395236 0.811221
0.395261 0.814940
0.395195 0.818562
0.395034 0.822088
0.394773 0.825514
0.394408 0.828838
0.393935 0.832059
0.393349 0.835172
0.392644 0.838176
0.391818 0.841066
0.390864 0.843839
0.389779 0.846491
0.388558 0.849018
0.387196 0.851415
0.385690 0.853677
0.384036 0.855799
0.382230 0.857776
0.380268 0.859602
0.378148 0.861272
0.375868 0.862781
0.373426 0.864121
0.370821 0.865288
0.368052 0.866274
0.365120 0.867074
0.362026 0.867680
0.358773 0.868088
0.355363 0.868288
0.351801 0.868276
0.348093 0.868045
0.344243 0.867586
0.340260 0.866894
0.336152 0.865961
0.331929 0.864780
0.327600 0.863344
0.323178 0.861647
0.318674 0.859679
0.314103 0.857436
0.309477 0.854909
0.304811 0.852093
0.300121 0.848979
0.295423 0.845562
0.290733 0.841836
0.286066 0.837794
0.281440 0.833432
0.276871 0.828746
0.272376 0.823731
0.267971 0.818385
0.263673 0.812705
0.259496 0.806692
0.255457 0.800344
0.251571 0.793666
0.247851 0.786659
0.244311 0.779329
0.240964 0.771683
0.237822 0.763730
0.234898 0.755480
0.232201 0.746948
0.229741 0.738147
0.227529 0.729094
0.225571 0.719810
0.223876 0.710315
0.222450 0.700632
0.221300 0.690786
0.220430 0.680805
0.219846 0.670716
0.219550 0.660550
0.219546 0.650336
0.219835 0.640106
0.220419 0.629893
0.221298 0.619729
0.222472 0.609646
0.223938 0.599678
0.225694 0.589855
0.227738 0.580209
0.230063 0.570771
0.232665 0.561569
0.235536 0.552630
0.238669 0.543981
0.242053 0.535646
0.245678 0.527649
0.249532 0.520008
0.253602 0.512744
0.257871 0.505872
0.262325 0.499407
0.266945 0.493361
0.271712 0.487746
0.276607 0.482568
0.281609 0.477834
0.286695 0.473548
0.291843 0.469712
0.297028 0.466326
0.302229 0.463389
0.307420 0.460897
0.312578 0.458845
0.317679 0.457227
0.322700 0.456033
0.327619 0.455256
0.332416 0.454883
0.337069 0.454903
0.341560 0.455304
0.345873 0.456071
0.349991 0.457191
0.353903 0.458649
0.357596 0.460429
0.361061 0.462517
0.364291 0.464897
0.367280 0.467553
0.370026 0.470471
0.372527 0.473635
0.374784 0.477032
0.376800 0.480647
0.378579 0.484468
0.380127 0.488480
0.381452 0.492674
0.382562 0.497037
0.383468 0.501559
0.384182 0.506231
0.384715 0.511043
0.385080 0.515987
0.385292 0.521056
0.385364 0.526241
0.385310 0.531538
0.385147 0.536938
0.384887 0.542437
0.384547 0.548029
0.384141 0.553708
0.383684 0.559470
0.383189 0.565307
0.382669 0.571216
0.382139 0.577190
0.381610 0.583223
0.381093 0.589310
0.380600 0.595445
0.380140 0.601621
0.379722 0.607832
0.379354 0.614070
0.379042 0.620328
0.378793 0.626599
0.378611 0.632876
0.378500 0.639152
0.378462 0.645417
0.378500 0.651667
0.378612 0.657892
0.378800 0.664085
0.379061 0.670240
0.379394 0.676350
0.379795 0.682409
0.380260 0.688410
0.380786 0.694349
0.381366 0.700219
0.381996 0.706017
0.382669 0.711738
0.383380 0.717380
0.384120 0.722937
0.384884 0.728409
0.385666 0.733793
0.386456 0.739087
0.387250 0.744290
0.388040 0.749402
0.388819 0.754420
0.398724 0.765647
0.399548 0.770183
0.400343 0.774639
0.401104 0.779014
0.401826 0.783309
0.402505 0.787526
0.403136 0.791664
0.403715 0.795725
0.404239 0.799709
0.404702 0.803615
0.405102 0.807445
0.405435 0.811199
0.405697 0.814875
0.405885 0.818475
0.405995 0.821996
0.406023 0.825440
0.405967 0.828803
0.405822 0.832086
0.405584 0.835286
0.405251 0.838401
0.404818 0.841430
0.404281 0.844370
0.403637 0.847219
0.402881 0.849973
0.402010 0.852629
0.401018 0.855184
0.399904 0.857635
0.398661 0.859977
0.397287 0.862206
0.395778 0.864320
0.394129 0.866312
0.392339 0.868178
0.390403 0.869915
0.388320 0.871517
0.386086 0.872979
0.383700 0.874296
0.381161 0.875463
0.378468 0.876476
0.375620 0.877328
0.372619 0.878014
0.369466 0.878529
0.366163 0.878867
0.362712 0.879023
0.359119 0.878991
0.355386 0.878766
0.351520 0.878341
0.347528 0.877710
0.343416 0.876869
0.339192 0.875810
0.334866 0.874528
0.330448 0.873017
0.325947 0.871270
0.321376 0.869281
0.316746 0.867045
0.312071 0.864555
0.307362 0.861805
0.302634 0.858789
0.297901 0.855502
0.293176 0.851937
0.288475 0.848090
0.283811 0.843956
0.279199 0.839530
0.274654 0.834809
0.270189 0.829789
0.265820 0.824467
0.261559 0.818842
0.257419 0.812913
0.253415 0.806681
0.249558 0.800146
0.245860 0.793312
0.242332 0.786182
0.238986 0.778763
0.235832 0.771060
0.232878 0.763084
0.230135 0.754843
0.227610 0.746351
0.225311 0.737622
0.223245 0.728669
0.221418 0.719512
0.219837 0.710168
0.218507 0.700659
0.217431 0.691005
0.216615 0.681232
0.216062 0.671362
0.215774 0.661422
0.215755 0.651437
0.216004 0.641437
0.216525 0.631447
0.217316 0.621496
0.218379 0.611612
0.219711 0.601823
0.221312 0.592156
0.223179 0.582639
0.225308 0.573298
0.227697 0.564158
0.230339 0.555244
0.233229 0.546579
0.236361 0.538185
0.239725 0.530082
0.243315 0.522290
0.247118 0.514827
0.251125 0.507707
0.255323 0.500946
0.259697 0.494556
0.264235 0.488548
0.268920 0.482930
0.273735 0.477711
0.278663 0.472897
0.283685 0.468491
0.288782 0.464497
0.293933 0.460915
0.299118 0.457745
0.304317 0.454985
0.309509 0.452632
0.314671 0.450680
0.319784 0.449125
0.324827 0.447958
0.329781 0.447172
0.334625 0.446757
0.339343 0.446704
0.343916 0.447001
0.348330 0.447636
0.352569 0.448597
0.356622 0.449872
0.360475 0.451447
0.364121 0.453308
0.367551 0.455443
0.370758 0.457837
0.373739 0.460477
0.376489 0.463350
0.379009 0.466442
0.381298 0.469741
0.383359 0.473234
0.385195 0.476911
0.386811 0.480758
0.388213 0.484767
0.389408 0.488927
0.390405 0.493228
0.391214 0.497662
0.391844 0.502222
0.392306 0.506899
0.392613 0.511686
0.392776 0.516578
0.392808 0.521569
0.392721 0.526653
0.392530 0.531826
0.392246 0.537082
0.391883 0.542418
0.391455 0.547829
0.390973 0.553311
0.390451 0.558861
0.389901 0.564473
0.389334 0.570144
0.388762 0.575870
0.388196 0.581647
0.387646 0.587469
0.387121 0.593331
0.386631 0.599230
0.386182 0.605159
0.385783 0.611113
0.385439 0.617087
0.385156 0.623074
0.384939 0.629068
0.384792 0.635064
0.384716 0.641055
0.384715 0.647034
0.384789 0.652997
0.384938 0.658935
0.385163 0.664844
0.385461 0.670718
0.385831 0.676550
0.386270 0.682336
0.386774 0.688070
0.387340 0.693748
0.387963 0.699366
0.388638 0.704919
0.389361 0.710404
0.390125 0.715818
0.390924 0.721158
0.391754 0.726422
0.392607 0.731609
0.393477 0.736715
0.394359 0.741742
0.395245 0.746686
0.396131 0.751550
0.397010 0.756331
0.397876 0.761030
0.408332 0.771784
0.409234 0.776052
0.410107 0.780249
0.410947 0.784376
0.411750 0.788435
0.412512 0.792426
0.413230 0.796349
0.413900 0.800207
0.414519 0.803999
0.415085 0.807727
0.415593 0.811390
0.416041 0.814990
0.416427 0.818526
0.416748 0.821998
0.417000 0.825407
0.417181 0.828752
0.417289 0.832032
0.417320 0.835247
0.417271 0.838396
0.417140 0.841477
0.416924 0.844489
0.416619 0.847431
0.416223 0.850300
0.415731 0.853095
0.415141 0.855813
0.414449 0.858451
0.413651 0.861008
0.412744 0.863479
0.411723 0.865863
0.410587 0.868155
0.409330 0.870352
0.407949 0.872452
0.406440 0.874449
0.404801 0.876341
0.403029 0.878124
0.401119 0.879792
0.399071 0.881343
0.396880 0.882772
0.394546 0.884075
0.392068 0.885247
0.389443 0.886284
0.386671 0.887182
0.383753 0.887936
0.380690 0.888542
0.377481 0.888994
0.374131 0.889289
0.370640 0.889421
0.367013 0.889386
0.363253 0.889179
0.359367 0.888795
0.355358 0.888229
0.351234 0.887476
0.347002 0.886531
0.342669 0.885389
0.338245 0.884044
0.333738 0.882492
0.329159 0.880727
0.324517 0.878744
0.319824 0.876537
0.315091 0.874101
0.310330 0.871430
0.305554 0.868520
0.300774 0.865364
0.296004 0.861959
0.291256 0.858299
0.286542 0.854379
0.281877 0.850195
0.277272 0.845744
0.272741 0.841021
0.268295 0.836024
0.263946 0.830750
0.259707 0.825198
0.255589 0.819367
0.251603 0.813257
0.247759 0.806869
0.244067 0.800205
0.240538 0.793268
0.237180 0.786062
0.234002 0.778594
0.231012 0.770870
0.228217 0.762898
0.225624 0.754688
0.223240 0.746252
0.221072 0.737602
0.219123 0.728753
0.217400 0.719719
0.215907 0.710519
0.214648 0.701169
0.213627 0.691689
0.212846 0.682101
0.212309 0.672424
0.212018 0.662683
0.211975 0.652899
0.212181 0.643097
0.212638 0.633301
0.213345 0.623535
0.214303 0.613823
0.215511 0.604190
0.216968 0.594661
0.218674 0.585258
0.220625 0.576006
0.222820 0.566926
0.225253 0.558041
0.227923 0.549372
0.230823 0.540938
0.233947 0.532758
0.237290 0.524850
0.240844 0.517231
0.244600 0.509915
0.248550 0.502916
0.252682 0.496247
0.256986 0.489919
0.261450 0.483941
0.266060 0.478322
0.270802 0.473069
0.275662 0.468188
0.280623 0.463683
0.285669 0.459556
0.290783 0.455810
0.295946 0.452445
0.301142 0.449460
0.306350 0.446853
0.311552 0.444621
0.316731 0.442760
0.321866 0.441264
0.326939 0.440127
0.331933 0.439343
0.336831 0.438901
0.341615 0.438795
0.346269 0.439014
0.350780 0.439548
0.355133 0.440387
0.359316 0.441518
0.363318 0.442931
0.367129 0.444614
0.370741 0.446554
0.374146 0.448739
0.377340 0.451157
0.380318 0.453796
0.383078 0.456644
0.385618 0.459689
0.387940 0.462920
0.390044 0.466326
0.391933 0.469896
0.393611 0.473620
0.395084 0.477488
0.396357 0.481492
0.397438 0.485623
0.398334 0.489872
0.399055 0.494234
0.399609 0.498700
0.400007 0.503265
0.400259 0.507923
0.400377 0.512669
0.400371 0.517498
0.400252 0.522405
0.400034 0.527388
0.399726 0.532442
0.399342 0.537563
0.398892 0.542749
0.398388 0.547997
0.397843 0.553302
0.397266 0.558663
0.396669 0.564076
0.396062 0.569538
0.395455 0.575046
0.394858 0.580597
0.394280 0.586186
0.393729 0.591810
0.393213 0.597465
0.392739 0.603147
0.392315 0.608852
0.391945 0.614575
0.391635 0.620310
0.391389 0.626054
0.391211 0.631800
0.391105 0.637544
0.391071 0.643281
0.391112 0.649005
0.391229 0.654711
0.391421 0.660393
0.391687 0.666047
0.392027 0.671668
0.392439 0.677250
0.392919 0.682789
0.393466 0.688282
0.394075 0.693722
0.394743 0.699108
0.395464 0.704436
0.396236 0.709701
0.397052 0.714903
0.397907 0.720038
0.398796 0.725104
0.399713 0.730100
0.400653 0.735025
0.401610 0.739877
0.402579 0.744656
0.403554 0.749361
0.404529 0.753992
0.405500 0.758550
0.406461 0.763034
0.407407 0.767445
0.288796 0.645356
