0.674954 0.688918
0.703905 0.667579
0.707289 0.665862
0.683041 0.686448
0.644860 0.707231
0.623512 0.714133
0.638128 0.707885
0.681702 0.682960
0.717453 0.652099
0.737612 0.627608
0.742149 0.622705
0.731115 0.640739
0.702904 0.672314
0.659888 0.701753
0.614027 0.718848
0.582281 0.724263
0.575996 0.723756
0.596680 0.719293
0.636742 0.706897
0.689142 0.675983
0.724320 0.642035
0.748035 0.607324
0.761318 0.580861
0.766520 0.569917
0.764843 0.577754
0.755140 0.602780
0.734615 0.638554
0.701252 0.675469
0.656852 0.704636
0.608428 0.721659
0.565855 0.727635
0.537279 0.727234
0.526706 0.725402
0.534842 0.724478
0.560320 0.723067
0.599392 0.717020
0.645201 0.701919
0.697150 0.667858
0.729600 0.633075
0.752798 0.594852
0.767530 0.558772
0.775826 0.530234
0.779928 0.513289
0.781386 0.510248
0.780452 0.521762
0.775910 0.546766
0.765434 0.582162
0.746397 0.622747
0.717002 0.662126
0.677533 0.694532
0.631186 0.716498
0.583680 0.727497
0.541349 0.729554
0.508956 0.726262
0.488795 0.721530
0.481304 0.718378
0.486172 0.718124
0.502985 0.720130
0.531050 0.722069
0.568623 0.720605
0.612210 0.712356
0.656786 0.694936
0.705580 0.658447
0.734657 0.623637
0.755978 0.584651
0.770048 0.545118
0.778215 0.508797
0.782254 0.478863
0.783969 0.457540
0.784840 0.446149
0.785720 0.445363
0.786647 0.455417
0.786799 0.476091
0.784625 0.506442
0.778118 0.544419
0.765188 0.586687
0.744117 0.628958
0.714084 0.666890
0.675714 0.697085
0.631407 0.717719
0.585093 0.728631
0.541250 0.731078
0.503642 0.727332
0.474511 0.720203
0.454570 0.712501
0.443553 0.706533
0.440878 0.703750
0.446128 0.704579
0.459216 0.708438
0.480238 0.713853
0.509081 0.718695
0.544894 0.720496
0.585705 0.716850
0.628432 0.705821
0.669468 0.686325
0.714271 0.647607
0.740385 0.612157
0.759555 0.572465
0.772155 0.531257
0.779134 0.491429
0.781803 0.455545
0.781649 0.425499
0.780161 0.402453
0.778660 0.386998
0.778133 0.379391
0.779095 0.379777
0.781503 0.388303
0.784747 0.405106
0.787707 0.430157
0.788890 0.462976
0.786600 0.502304
0.779128 0.545893
0.764957 0.590614
0.743006 0.632958
0.712921 0.669741
0.675404 0.698686
0.632399 0.718663
0.586956 0.729640
0.542624 0.732493
0.502613 0.728795
0.469119 0.720589
0.443119 0.710135
0.424586 0.699614
0.412912 0.690863
0.407335 0.685185
0.407248 0.683265
0.412375 0.685172
0.422795 0.690399
0.438856 0.697925
0.460956 0.706293
0.489252 0.713738
0.523327 0.718352
0.561940 0.718289
0.602990 0.711970
0.643795 0.698276
0.681625 0.676719
0.723042 0.635190
0.745943 0.599557
0.762668 0.560008
0.773495 0.518661
0.779074 0.477789
0.780318 0.439469
0.778308 0.405309
0.774221 0.376335
0.769251 0.353052
0.764527 0.335589
0.761015 0.323878
0.759435 0.317815
0.760179 0.317360
0.763272 0.322605
0.768349 0.333778
0.774686 0.351188
0.781257 0.375109
0.786821 0.405590
0.790027 0.442218
0.789511 0.483889
0.783986 0.528700
0.772336 0.574088
0.753736 0.617217
0.727807 0.655486
0.694829 0.686941
0.655920 0.710449
0.613079 0.725674
0.568972 0.732941
0.526443 0.733103
0.487948 0.727429
0.455140 0.717491
0.428758 0.705036
0.408760 0.691823
0.394598 0.679450
0.385495 0.669219
0.380674 0.662052
0.379528 0.658477
0.381708 0.658654
0.387164 0.662409
0.396121 0.669265
0.409011 0.678460
0.426361 0.688969
0.448632 0.699545
0.476025 0.708789
0.508289 0.715251
0.544558 0.717543
0.583330 0.714448
0.622608 0.705016
0.660218 0.688658
0.694187 0.665241
0.731696 0.621056
0.751631 0.584879
0.765906 0.545213
0.774752 0.503850
0.778650 0.462704
0.778262 0.423536
0.774385 0.387742
0.767919 0.356239
0.759832 0.329481
0.751123 0.307557
0.742768 0.290318
0.735665 0.277500
0.730573 0.268828
0.728055 0.264091
0.728437 0.263190
0.731779 0.266167
0.737858 0.273213
0.746181 0.284655
0.756008 0.300914
0.766398 0.322438
0.776280 0.349581
0.784515 0.382444
0.789968 0.420687
0.791555 0.463356
0.788283 0.508814
0.779295 0.554860
0.763923 0.599040
0.741788 0.639048
0.712931 0.673070
0.677975 0.699940
0.638229 0.719140
0.595653 0.730691
0.552621 0.735038
0.511524 0.732964
0.474354 0.725527
0.442433 0.714006
0.416344 0.699828
0.396044 0.684465
0.381049 0.669313
0.370636 0.655581
0.364011 0.644217
0.360443 0.635877
0.359351 0.630943
0.360363 0.629556
0.363335 0.631658
0.368355 0.637015
0.375715 0.645228
0.385864 0.655731
0.399347 0.667783
0.416712 0.680474
0.438399 0.692755
0.464610 0.703486
0.495180 0.711508
0.529465 0.715712
0.566317 0.715113
0.604163 0.708900
0.641211 0.696494
0.675712 0.677603
0.706212 0.652291
0.740024 0.605074
0.756685 0.569295
0.768366 0.530644
0.775243 0.490587
0.777646 0.450665
0.776021 0.412310
0.770908 0.376685
0.762927 0.344593
0.752767 0.316472
0.741178 0.292444
0.728946 0.272400
0.716867 0.256087
0.705713 0.243180
0.696187 0.233347
0.688898 0.226289
0.684321 0.221774
0.682781 0.219661
0.684433 0.219906
0.689252 0.222579
0.697028 0.227861
0.707367 0.236039
0.719698 0.247495
0.733304 0.262678
0.747350 0.282064
0.760935 0.306088
0.773136 0.335052
0.783054 0.368994
0.789842 0.407559
0.792724 0.449878
0.791005 0.494546
0.784083 0.539725
0.771473 0.583375
0.752864 0.623559
0.728202 0.658696
0.697796 0.687694
0.662425 0.709961
0.623377 0.725335
0.582382 0.733984
0.541408 0.736333
0.502373 0.733015
0.466865 0.724844
0.435963 0.712793
0.410194 0.697959
0.389595 0.681507
0.373837 0.664591
0.362359 0.648270
0.354481 0.633445
0.349506 0.620812
0.346787 0.610854
0.345783 0.603862
0.346091 0.599968
0.347467 0.599181
0.349829 0.601415
0.353255 0.606507
0.357970 0.614219
0.364319 0.624224
0.372745 0.636097
0.383743 0.649299
0.397812 0.663170
0.415396 0.676945
0.436808 0.689776
0.462146 0.700776
0.491210 0.709064
0.523448 0.713812
0.557939 0.714283
0.593451 0.709859
0.628576 0.700068
0.661896 0.684622
0.692164 0.663449
0.718415 0.636756
0.747798 0.587140
0.761611 0.550992
0.770818 0.512522
0.775572 0.473045
0.776125 0.433911
0.772811 0.396354
0.766027 0.361372
0.756236 0.329656
0.743964 0.301589
0.729799 0.277279
0.714383 0.256631
0.698399 0.239408
0.682544 0.225291
0.667507 0.213931
0.653931 0.204981
0.642392 0.198122
0.633380 0.193080
0.627280 0.189645
0.624369 0.187673
0.624808 0.187101
0.628640 0.187946
0.635785 0.190309
0.646028 0.194379
0.659022 0.200424
0.674281 0.208789
0.691190 0.219888
0.709032 0.234183
0.727014 0.252155
0.744311 0.274266
0.760110 0.300886
0.773636 0.332208
0.784183 0.368131
0.791116 0.408157
0.793869 0.451316
0.791945 0.496186
0.784916 0.541020
0.772439 0.583973
0.754306 0.623352
0.730505 0.657813
0.701316 0.686442
0.667392 0.708749
0.629809 0.724591
0.590028 0.734090
0.549759 0.737567
0.510745 0.735501
0.474519 0.728510
0.442237 0.717347
0.414592 0.702885
0.391835 0.686096
0.373853 0.667995
0.360267 0.649583
0.350532 0.631777
0.344016 0.615356
0.340073 0.600922
0.338087 0.588899
0.337515 0.579546
0.337911 0.572986
0.338946 0.569244
0.340417 0.568275
0.342245 0.569995
0.344474 0.574286
0.347262 0.581005
0.350870 0.589967
0.355642 0.600941
0.361991 0.613619
0.370373 0.627610
0.381256 0.642421
0.395082 0.657467
0.412223 0.672078
0.432926 0.685527
0.457249 0.697068
0.485004 0.705966
0.515714 0.711537
0.548604 0.713165
0.582641 0.710329
0.616624 0.702616
0.649318 0.689738
0.679585 0.671564
0.706493 0.648158
0.729367 0.619821
0.754780 0.567184
0.765623 0.531498
0.772345 0.494111
0.775065 0.456149
0.773968 0.418738
0.769287 0.382893
0.761300 0.349430
0.750330 0.318922
0.736751 0.291695
0.720993 0.267860
0.703542 0.247355
0.684932 0.229994
0.665738 0.215515
0.646550 0.203613
0.627953 0.193967
0.610506 0.186261
0.594714 0.180197
0.581020 0.175504
0.569792 0.171948
0.561326 0.169337
0.555846 0.167526
0.553510 0.166423
0.554412 0.165988
0.558583 0.166243
0.565986 0.167267
0.576509 0.169197
0.589954 0.172229
0.606025 0.176615
0.624319 0.182661
0.644328 0.190722
0.665450 0.201191
0.687006 0.214496
0.708282 0.231074
0.728556 0.251347
0.747140 0.275675
0.763400 0.304293
0.776775 0.337231
0.786772 0.374226
0.792965 0.414650
0.794978 0.457481
0.792481 0.501359
0.785189 0.544716
0.772875 0.585973
0.755410 0.623728
0.732814 0.656885
0.705321 0.684709
0.673454 0.706798
0.638062 0.723025
0.600315 0.733469
0.561615 0.738354
0.523455 0.738024
0.487235 0.732921
0.454110 0.723590
0.424893 0.710674
0.400030 0.694913
0.379639 0.677125
0.363568 0.658164
0.351474 0.638877
0.342889 0.620049
0.337274 0.602356
0.334066 0.586336
0.332714 0.572377
0.332705 0.560725
0.333590 0.551507
0.334993 0.544756
0.336628 0.540442
0.338296 0.538497
0.339895 0.538837
0.341409 0.541374
0.342908 0.546018
0.344540 0.552681
0.346521 0.561260
0.349134 0.571630
0.352708 0.583626
0.357614 0.597025
0.364249 0.611534
0.373014 0.626782
0.384292 0.642316
0.398424 0.657614
0.415666 0.672103
0.436157 0.685178
0.459872 0.696236
0.486586 0.704693
0.515845 0.710014
0.546972 0.711720
0.579096 0.709403
0.611224 0.702734
0.642331 0.691474
0.671457 0.675492
0.697790 0.654793
0.720705 0.629552
0.739780 0.600146
0.760723 0.545189
0.768775 0.509903
0.773075 0.473502
0.773723 0.436972
0.770854 0.401266
0.764639 0.367223
0.755276 0.335505
0.743001 0.306572
0.728092 0.280686
0.710875 0.257934
0.691731 0.238263
0.671092 0.221522
0.649439 0.207490
0.627280 0.195907
0.605142 0.186495
0.583538 0.178971
0.562953 0.173054
0.543821 0.168479
0.526519 0.164999
0.511355 0.162385
0.498579 0.160438
0.488381 0.158986
0.480905 0.157889
0.476257 0.157045
0.474516 0.156390
0.475734 0.155901
0.479943 0.155599
0.487149 0.155547
0.497325 0.155851
0.510401 0.156660
0.526245 0.158165
0.544651 0.160594
0.565323 0.164212
0.587866 0.169319
0.611789 0.176246
0.636514 0.185354
0.661404 0.197024
0.685792 0.211648
0.709021 0.229609
0.730477 0.251254
0.749605 0.276852
0.765931 0.306529
0.779051 0.340207
0.788627 0.377529
0.794368 0.417811
0.796023 0.460043
0.793364 0.502949
0.786193 0.545117
0.774353 0.585159
0.757755 0.621861
0.736424 0.654281
0.710551 0.681784
0.680551 0.704014
0.647103 0.720844
0.611157 0.732317
0.573884 0.738596
0.536576 0.739933
0.500512 0.736658
0.466821 0.729174
0.436380 0.717966
0.409773 0.703601
0.387288 0.686729
0.368958 0.668064
0.354616 0.648353
0.343947 0.628341
0.336541 0.608720
0.331928 0.590095
0.329613 0.572954
0.329103 0.557656
0.329926 0.544434
0.331646 0.533409
0.333885 0.524614
0.336321 0.518015
0.338704 0.513541
0.340854 0.511099
0.342661 0.510593
0.344082 0.511935
0.345139 0.515053
0.345914 0.519885
0.346543 0.526382
0.347212 0.534498
0.348153 0.544177
0.349637 0.555343
0.351967 0.567883
0.355472 0.581636
0.360497 0.596380
0.367389 0.611826
0.376485 0.627617
0.388089 0.643332
0.402453 0.658502
0.419749 0.672625
0.440037 0.685186
0.463235 0.695683
0.489094 0.703640
0.517180 0.708620
0.546884 0.710238
0.577449 0.708164
0.608023 0.702129
0.637732 0.691932
0.665751 0.677454
0.691364 0.658677
0.714002 0.635708
0.733258 0.608810
0.748875 0.578427
0.765367 0.521207
0.770740 0.486405
0.772658 0.451049
0.771201 0.416003
0.766470 0.382074
0.758592 0.349947
0.747714 0.320150
0.734015 0.293039
0.717711 0.268808
0.699062 0.247512
0.678383 0.229096
0.656039 0.213425
0.632447 0.200310
0.608063 0.189530
0.583365 0.180845
0.558833 0.174009
0.534928 0.168777
0.512071 0.164909
0.490626 0.162173
0.470897 0.160348
0.453124 0.159225
0.437484 0.158612
0.424105 0.158332
0.413074 0.158230
0.404448 0.158171
0.398268 0.158050
0.394564 0.157786
0.393365 0.157335
0.394703 0.156679
0.398612 0.155841
0.405130 0.154873
0.414292 0.153864
0.426120 0.152935
0.440614 0.152236
0.457733 0.151949
0.477378 0.152281
0.499376 0.153463
0.523461 0.155752
0.549270 0.159425
0.576336 0.164779
0.604108 0.172135
0.631973 0.181826
0.659289 0.194198
0.685428 0.209598
0.709804 0.228355
0.731900 0.250750
0.751279 0.276977
0.767587 0.307092
0.780536 0.340948
0.789894 0.378145
0.795466 0.417991
0.797078 0.459516
0.794575 0.501537
0.787812 0.542766
0.776675 0.581956
0.761098 0.618019
0.741099 0.650109
0.716826 0.677643
0.688606 0.700286
0.656981 0.717903
0.622726 0.730504
0.586824 0.738208
0.550400 0.741204
0.514617 0.739742
0.480560 0.734129
0.449144 0.724734
0.421045 0.711995
0.396686 0.696425
0.376250 0.678609
0.359721 0.659190
0.346924 0.638840
0.337572 0.618231
0.331298 0.597989
0.327688 0.578669
0.326301 0.560721
0.326694 0.544481
0.328431 0.530172
0.331103 0.517911
0.334337 0.507728
0.337805 0.499589
0.341233 0.493415
0.344402 0.489099
0.347150 0.486531
0.349371 0.485601
0.351013 0.486215
0.352073 0.488298
0.352596 0.491794
0.352667 0.496670
0.352411 0.502905
0.351989 0.510491
0.351596 0.519417
0.351455 0.529665
0.351818 0.541195
0.352958 0.553932
0.355165 0.567762
0.358742 0.582512
0.363992 0.597954
0.371211 0.613799
0.380675 0.629699
0.392620 0.645262
0.407229 0.660061
0.424605 0.673650
0.444749 0.685587
0.467537 0.695443
0.492702 0.702818
0.519828 0.707352
0.548354 0.708724
0.577605 0.706661
0.606834 0.700940
0.635279 0.691393
0.662219 0.677913
0.687021 0.660475
0.709171 0.639154
0.728286 0.614146
0.744109 0.585794
0.756490 0.554596
0.768442 0.495372
0.771202 0.461517
0.770799 0.427631
0.767293 0.394450
0.760762 0.362632
0.751296 0.332715
0.739007 0.305102
0.724033 0.280056
0.706544 0.257708
0.686756 0.238086
0.664932 0.221131
0.641390 0.206725
0.616496 0.194708
0.590658 0.184896
0.564315 0.177089
0.537913 0.171083
0.511886 0.166673
0.486638 0.163654
0.462520 0.161827
0.439830 0.160996
0.418797 0.160972
0.399590 0.161569
0.382320 0.162612
0.367054 0.163932
0.353819 0.165369
0.342620 0.166779
0.333444 0.168031
0.326273 0.169013
0.321090 0.169632
0.317887 0.169820
0.316665 0.169535
0.317439 0.168760
0.320244 0.167508
0.325125 0.165821
0.332145 0.163766
0.341374 0.161439
0.352888 0.158962
0.366756 0.156477
0.383030 0.154150
0.401731 0.152161
0.422829 0.150709
0.446228 0.150007
0.471745 0.150280
0.499099 0.151767
0.527905 0.154720
0.557679 0.159404
0.587861 0.166098
0.617841 0.175091
0.646999 0.186684
0.674740 0.201174
0.700532 0.218847
0.723917 0.239949
0.744524 0.264660
0.762065 0.293046
0.776319 0.325012
0.787116 0.360257
0.794319 0.398233
0.797810 0.438146
0.797480 0.478992
0.793224 0.519642
0.784946 0.558945
0.772576 0.595849
0.756090 0.629477
0.735540 0.659178
0.711101 0.684526
0.683102 0.705290
0.652058 0.721393
0.618680 0.732871
0.583852 0.739832
0.548571 0.742444
0.513870 0.740914
0.480716 0.735494
0.449940 0.726486
0.422177 0.714247
0.397848 0.699202
0.377170 0.681838
0.360184 0.662706
0.346788 0.642396
0.336773 0.621517
0.329853 0.600661
0.325687 0.580374
0.323903 0.561127
0.324111 0.543295
0.325914 0.527153
0.328927 0.512873
0.332781 0.500539
0.337135 0.490156
0.341684 0.481674
0.346166 0.474999
0.350362 0.470017
0.354100 0.466602
0.357256 0.464630
0.359749 0.463991
0.361539 0.464589
0.362623 0.466350
0.363033 0.469225
0.362833 0.473185
0.362114 0.478220
0.360994 0.484337
0.359614 0.491553
0.358142 0.499889
0.356764 0.509360
0.355690 0.519970
0.355145 0.531697
0.355372 0.544492
0.356625 0.558261
0.359164 0.572867
0.363252 0.588118
0.369142 0.603772
0.377074 0.619538
0.387258 0.635082
0.399863 0.650039
0.415001 0.664026
0.432707 0.676655
0.452926 0.687550
0.475488 0.696352
0.500106 0.702733
0.526372 0.706398
0.553763 0.707089
0.581676 0.704583
0.609456 0.698702
0.636445 0.689310
0.662026 0.676322
0.685655 0.659720
0.706885 0.639565
0.725377 0.616017
0.740893 0.589353
0.753284 0.559981
0.762475 0.528437
0.769668 0.467918
0.769908 0.435448
0.767261 0.403412
0.761775 0.372410
0.753504 0.342956
0.742518 0.315456
0.728901 0.290203
0.712765 0.267377
0.694253 0.247058
0.673548 0.229250
0.650881 0.213891
0.626532 0.200877
0.600831 0.190075
0.574150 0.181333
0.546888 0.174489
0.519459 0.169376
0.492270 0.165829
0.465702 0.163682
0.440093 0.162770
0.415726 0.162933
0.392825 0.164010
0.371554 0.165842
0.352016 0.168272
0.334268 0.171145
0.318326 0.174307
0.304173 0.177606
0.291772 0.180899
0.281074 0.184046
0.272022 0.186918
0.264562 0.189398
0.258643 0.191382
0.254226 0.192784
0.251281 0.193537
0.249794 0.193595
0.249769 0.192936
0.251224 0.191560
0.254196 0.189493
0.258740 0.186784
0.264927 0.183507
0.272844 0.179757
0.282589 0.175650
0.294270 0.171319
0.307996 0.166913
0.323868 0.162593
0.341970 0.158532
0.362352 0.154909
0.385016 0.151911
0.409897 0.149730
0.436845 0.148565
0.465612 0.148621
0.495846 0.150109
0.527096 0.153250
0.558829 0.158274
0.590460 0.165422
0.621385 0.174944
0.651026 0.187093
0.678855 0.202118
0.704426 0.220252
0.727375 0.241685
0.747428 0.266540
0.764381 0.294831
0.778090 0.326428
0.788449 0.361011
0.795377 0.398054
0.798802 0.436822
0.798652 0.476407
0.794857 0.515800
0.787347 0.553981
0.776068 0.590009
0.760996 0.623096
0.742165 0.652642
0.719698 0.678240
0.693836 0.699653
0.664969 0.716785
0.633652 0.729637
0.600595 0.738283
0.566633 0.742841
0.532669 0.743468
0.499600 0.740351
0.468245 0.733711
0.439288 0.723810
0.413244 0.710964
0.390450 0.695541
0.371076 0.677974
0.355150 0.658745
0.342583 0.638380
0.333201 0.617424
0.326763 0.596414
0.322983 0.575854
0.321543 0.556187
0.322105 0.537780
0.324322 0.520909
0.327846 0.505763
0.332340 0.492443
0.337479 0.480978
0.342966 0.471337
0.348532 0.463442
0.353945 0.457187
0.359007 0.452444
0.363563 0.449082
0.367494 0.446971
0.370719 0.445992
0.373188 0.446040
0.374884 0.447030
0.375815 0.448900
0.376016 0.451605
0.375541 0.455126
0.374464 0.459460
0.372878 0.464623
0.370891 0.470641
0.368631 0.477552
0.366239 0.485394
0.363874 0.494203
0.361710 0.504007
0.359935 0.514817
0.358750 0.526618
0.358367 0.539367
0.359007 0.552984
0.360891 0.567346
0.364244 0.582286
0.369282 0.597593
0.376206 0.613014
0.385196 0.628262
0.396400 0.643020
0.409920 0.656959
0.425800 0.669743
0.444012 0.681041
0.464443 0.690539
0.486887 0.697945
0.511035 0.702992
0.536485 0.705447
0.562752 0.705102
0.589294 0.701784
0.615542 0.695352
0.640935 0.685704
0.664953 0.672779
0.687140 0.656571
0.707122 0.637141
0.724611 0.614633
0.739401 0.589284
0.751357 0.561440
0.760403 0.531553
0.766507 0.500172
0.768753 0.439180
0.766558 0.408311
0.761701 0.378274
0.754218 0.349542
0.744152 0.322507
0.731557 0.297463
0.716507 0.274608
0.699098 0.254056
0.679464 0.235844
0.657772 0.219953
0.634240 0.206318
0.609132 0.194845
0.582757 0.185417
0.555465 0.177909
0.527631 0.172188
0.499645 0.168120
0.471888 0.165569
0.444718 0.164404
0.418451 0.164493
0.393355 0.165705
0.369639 0.167911
0.347455 0.170980
0.326900 0.174781
0.308021 0.179181
0.290826 0.184044
0.275289 0.189232
0.261362 0.194607
0.248981 0.200030
0.238071 0.205364
0.228555 0.210474
0.220357 0.215231
0.213405 0.219514
0.207632 0.223210
0.202984 0.226222
0.199414 0.228464
0.196891 0.229870
0.195394 0.230390
0.194916 0.229994
0.195466 0.228674
0.197067 0.226444
0.199757 0.223339
0.203591 0.219414
0.208637 0.214748
0.214981 0.209437
0.222720 0.203595
0.231967 0.197352
0.242844 0.190850
0.255481 0.184242
0.270008 0.177687
0.286549 0.171351
0.305212 0.165399
0.326077 0.160001
0.349177 0.155324
0.374483 0.151537
0.401888 0.148809
0.431190 0.147311
0.462083 0.147218
0.494159 0.148710
0.526922 0.151974
0.559812 0.157209
0.592237 0.164619
0.623618 0.174418
0.653416 0.186822
0.681166 0.202042
0.706490 0.220267
0.729097 0.241650
0.748776 0.266276
0.765386 0.294134
0.778833 0.325079
0.789054 0.358804
0.796004 0.394818
0.799642 0.432454
0.799925 0.470894
0.796803 0.509232
0.790228 0.546547
0.780153 0.581983
0.766555 0.614807
0.749450 0.644447
0.728918 0.670500
0.705132 0.692718
0.678382 0.710977
0.649092 0.725252
0.617829 0.735582
0.585283 0.742054
0.552234 0.744783
0.519494 0.743912
0.487853 0.739606
0.458012 0.732060
0.430550 0.721508
0.405897 0.708226
0.384332 0.692546
0.365995 0.674849
0.350908 0.655571
0.338996 0.635186
0.330111 0.614189
0.324051 0.593075
0.320570 0.572315
0.319394 0.552332
0.320230 0.533484
0.322770 0.516051
0.326702 0.500232
0.331715 0.486150
0.337505 0.473853
0.343786 0.463332
0.350290 0.454529
0.356779 0.447348
0.363043 0.441671
0.368905 0.437367
0.374224 0.434300
0.378889 0.432335
0.382822 0.431349
0.385976 0.431231
0.388325 0.431888
0.389869 0.433244
0.390626 0.435244
0.390632 0.437854
0.389936 0.441057
0.388600 0.444855
0.386701 0.449266
0.384323 0.454322
0.381566 0.460065
0.378539 0.466541
0.375363 0.473804
0.372172 0.481901
0.369112 0.490875
0.366341 0.500755
0.364027 0.511553
0.362350 0.523257
0.361495 0.535828
0.361655 0.549190
0.363025 0.563232
0.365796 0.577805
0.370155 0.592720
0.376277 0.607753
0.384315 0.622650
0.394400 0.637135
0.406623 0.650916
0.421032 0.663696
0.437614 0.675182
0.456292 0.685093
0.476910 0.693166
0.499231 0.699161
0.522936 0.702860
0.547632 0.704073
0.572866 0.702636
0.598150 0.698409
0.622985 0.691283
0.646888 0.681182
0.669419 0.668066
0.690195 0.651944
0.708901 0.632882
0.725297 0.611016
0.739205 0.586565
0.750508 0.559835
0.759137 0.531225
0.765057 0.501212
0.768259 0.470338
0.765390 0.409593
0.760853 0.380750
0.753870 0.353045
0.744469 0.326833
0.732685 0.302394
0.718566 0.279924
0.702182 0.259549
0.683626 0.241326
0.663024 0.225263
0.640542 0.211323
0.616389 0.199443
0.590818 0.189538
0.564122 0.181509
0.536631 0.175254
0.508695 0.170665
0.480675 0.167635
0.452923 0.166059
0.425765 0.165833
0.399493 0.166856
0.374351 0.169027
0.350529 0.172245
0.328165 0.176408
0.307347 0.181414
0.288117 0.187155
0.270479 0.193521
0.254405 0.200397
0.239845 0.207664
0.226733 0.215196
0.214990 0.222868
0.204534 0.230548
0.195278 0.238106
0.187139 0.245411
0.180036 0.252336
0.173895 0.258756
0.168648 0.264556
0.164234 0.269628
0.160603 0.273877
0.157711 0.277216
0.155528 0.279578
0.154029 0.280907
0.153204 0.281166
0.153050 0.280334
0.153577 0.278408
0.154806 0.275406
0.156770 0.271362
0.159512 0.266332
0.163090 0.260388
0.167571 0.253621
0.173039 0.246139
0.179586 0.238064
0.187320 0.229529
0.196359 0.220682
0.206830 0.211672
0.218870 0.202657
0.232619 0.193796
0.248213 0.185246
0.265784 0.177161
0.285440 0.169693
0.307261 0.162989
0.331276 0.157192
0.357453 0.152440
0.385680 0.148870
0.415750 0.146622
0.447357 0.145834
0.480095 0.146653
0.513474 0.149229
0.546948 0.153725
0.579944 0.160309
0.611900 0.169159
0.642304 0.180456
0.670712 0.194380
0.696767 0.211099
0.720200 0.230752
0.740822 0.253430
0.758508 0.279150
0.773184 0.307829
0.784809 0.339253
0.793359 0.373056
0.798816 0.408717
0.801159 0.445572
0.800361 0.482848
0.796389 0.519724
0.789205 0.555391
0.778777 0.589114
0.765092 0.620279
0.748172 0.648411
0.728095 0.673181
0.705017 0.694387
0.679196 0.711930
0.651004 0.725791
0.620932 0.736004
0.589583 0.742640
0.557638 0.745795
0.525820 0.745585
0.494842 0.742142
0.465356 0.735621
0.437918 0.726207
0.412965 0.714120
0.390801 0.699623
0.371612 0.683028
0.355471 0.664696
0.342363 0.645031
0.332200 0.624469
0.324837 0.603464
0.320091 0.582464
0.317741 0.561893
0.317545 0.542131
0.319245 0.523500
0.322568 0.506251
0.327234 0.490565
0.332964 0.476553
0.339482 0.464262
0.346522 0.453685
0.353833 0.444769
0.361188 0.437427
0.368380 0.431547
0.375234 0.427003
0.381602 0.423660
0.387367 0.421384
0.392439 0.420043
0.396757 0.419518
0.400280 0.419699
0.402993 0.420494
0.404896 0.421825
0.406004 0.423634
0.406347 0.425879
0.405963 0.428536
0.404902 0.431599
0.403218 0.435076
0.400975 0.438988
0.398245 0.443370
0.395104 0.448266
0.391638 0.453726
0.387943 0.459806
0.384122 0.466563
0.380287 0.474051
0.376561 0.482318
0.373078 0.491403
0.369980 0.501330
0.367417 0.512104
0.365548 0.523707
0.364536 0.536094
0.364549 0.549189
0.365754 0.562886
0.368316 0.577042
0.372394 0.591486
0.378134 0.606013
0.385667 0.620398
0.395100 0.634394
0.406509 0.647743
0.419933 0.660185
0.435364 0.671462
0.452738 0.681327
0.471927 0.689546
0.492739 0.695905
0.514911 0.700211
0.538118 0.702291
0.561982 0.701994
0.586085 0.699193
0.609995 0.693782
0.633279 0.685681
0.655534 0.674837
0.676393 0.661235
0.695546 0.644900
0.712737 0.625909
0.727773 0.604400
0.740509 0.580582
0.750851 0.554738
0.758739 0.527226
0.764141 0.498469
0.767048 0.468943
0.767460 0.439149
0.759256 0.379681
0.752438 0.353077
0.743355 0.327838
0.732032 0.304214
0.718503 0.282391
0.702820 0.262492
0.685053 0.244582
0.665301 0.228680
0.643698 0.214768
0.620414 0.202802
0.595659 0.192717
0.569684 0.184439
0.542776 0.177883
0.515249 0.172964
0.487433 0.169596
0.459662 0.167696
0.432255 0.167180
0.405510 0.167970
0.379683 0.169987
0.354990 0.173157
0.331597 0.177402
0.309622 0.182647
0.289137 0.188812
0.270175 0.195814
0.252733 0.203568
0.236782 0.211980
0.222272 0.220951
0.209135 0.230378
0.197296 0.240149
0.186672 0.250146
0.177177 0.260247
0.168727 0.270327
0.161237 0.280259
0.154627 0.289914
0.148824 0.299166
0.143757 0.307893
0.139363 0.315977
0.135585 0.323310
0.132371 0.329790
0.129680 0.335327
0.127475 0.339841
0.125727 0.343264
0.124415 0.345542
0.123524 0.346631
0.123048 0.346504
0.122990 0.345147
0.123358 0.342559
0.124171 0.338756
0.125455 0.333771
0.127245 0.327649
0.129586 0.320457
0.132530 0.312273
0.136141 0.303194
0.140493 0.293334
0.145669 0.282816
0.151764 0.271780
0.158882 0.260373
0.167139 0.248748
0.176661 0.237065
0.187580 0.225481
0.200036 0.214153
0.214173 0.203233
0.230130 0.192865
0.248037 0.183188
0.268003 0.174331
0.290109 0.166414
0.314386 0.159553
0.340805 0.153859
0.369259 0.149438
0.399550 0.146397
0.431383 0.144846
0.464370 0.144900
0.498038 0.146678
0.531858 0.150311
0.565275 0.155937
0.597742 0.163703
0.628758 0.173763
0.657890 0.186270
0.684785 0.201375
0.709179 0.219206
0.730886 0.239860
0.749788 0.263382
0.765819 0.289736
0.778946 0.318791
0.789160 0.350288
0.796459 0.383839
0.800840 0.418918
0.802295 0.454888
0.800806 0.491031
0.796347 0.526605
0.788891 0.560892
0.778413 0.593254
0.764904 0.623158
0.748386 0.650198
0.728930 0.674090
0.706671 0.694659
0.681834 0.711821
0.654741 0.725555
0.625816 0.735888
0.595584 0.742880
0.564646 0.746607
0.533646 0.747166
0.503235 0.744662
0.474022 0.739220
0.446547 0.730987
0.421250 0.720137
0.398461 0.706879
0.378400 0.691467
0.361188 0.674197
0.346859 0.655411
0.335378 0.635486
0.326651 0.614831
0.320544 0.593863
0.316885 0.572993
0.315481 0.552611
0.316113 0.533063
0.318551 0.514641
0.322550 0.497578
0.327858 0.482038
0.334220 0.468126
0.341381 0.455888
0.349094 0.445320
0.357122 0.436375
0.365245 0.428974
0.373264 0.423013
0.381002 0.418372
0.388310 0.414922
0.395064 0.412528
0.401167 0.411060
0.406548 0.410390
0.411157 0.410403
0.414967 0.410991
0.417968 0.412064
0.420164 0.413545
0.421573 0.415373
0.422222 0.417501
0.422145 0.419901
0.421383 0.422557
0.419982 0.425469
0.417992 0.428651
0.415466 0.432126
0.412464 0.435930
0.409047 0.440106
0.405285 0.444705
0.401249 0.449782
0.397022 0.455397
0.392690 0.461608
0.388350 0.468471
0.384105 0.476038
0.380069 0.484351
0.376361 0.493442
0.373112 0.503326
0.370456 0.514001
0.368535 0.525442
0.367495 0.537599
0.367481 0.550394
0.368641 0.563722
0.371117 0.577449
0.375045 0.591414
0.380552 0.605430
0.387746 0.619291
0.396717 0.632776
0.407530 0.645655
0.420213 0.657695
0.434759 0.668667
0.451111 0.678349
0.469160 0.686534
0.488743 0.693030
0.509637 0.697662
0.531566 0.700273
0.554206 0.700727
0.577197 0.698905
0.600159 0.694706
0.622708 0.688053
0.644475 0.678889
0.665120 0.667186
0.684342 0.652947
0.701888 0.636214
0.717554 0.617079
0.731185 0.595686
0.742668 0.572242
0.751925 0.547016
0.758909 0.520341
0.763594 0.492601
0.765969 0.464223
0.766034 0.435652
0.763793 0.407331
0.750014 0.350028
0.740962 0.325862
0.729803 0.303206
0.716567 0.282224
0.701292 0.263029
0.684039 0.245683
0.664888 0.230209
0.643953 0.216599
0.621379 0.204820
0.597346 0.194821
0.572074 0.186541
0.545816 0.179914
0.518852 0.174870
0.491484 0.171339
0.464021 0.169252
0.436766 0.168545
0.410007 0.169153
0.384004 0.171019
0.358979 0.174084
0.335113 0.178293
0.312543 0.183590
0.291363 0.189918
0.271627 0.197221
0.253356 0.205434
0.236538 0.214493
0.221142 0.224325
0.207116 0.234850
0.194395 0.245981
0.182906 0.257623
0.172569 0.269674
0.163305 0.282024
0.155030 0.294556
0.147664 0.307149
0.141129 0.319678
0.135351 0.332018
0.130259 0.344042
0.125787 0.355628
0.121873 0.366658
0.118462 0.377018
0.115502 0.386604
0.112947 0.395320
0.110757 0.403079
0.108895 0.409804
0.107331 0.415426
0.106041 0.419888
0.105006 0.423141
0.104211 0.425146
0.103648 0.425873
0.103315 0.425301
0.103215 0.423419
0.103357 0.420227
0.103756 0.415732
0.104435 0.409955
0.105420 0.402931
0.106746 0.394706
0.108455 0.385340
0.110594 0.374912
0.113219 0.363511
0.116393 0.351248
0.120190 0.338244
0.124687 0.324637
0.129975 0.310574
0.136152 0.296211
0.143326 0.281713
0.151614 0.267241
0.161140 0.252960
0.172040 0.239027
0.184450 0.225592
0.198512 0.212794
0.214364 0.200764
0.232135 0.189618
0.251936 0.179462
0.273848 0.170394
0.297910 0.162502
0.324101 0.155870
0.352329 0.150576
0.382416 0.146702
0.414090 0.144328
0.446989 0.143542
0.480668 0.144438
0.514621 0.147119
0.548312 0.151694
0.581210 0.158287
0.612818 0.167025
0.642700 0.178041
0.670500 0.191467
0.695944 0.207425
0.718840 0.226013
0.739062 0.247296
0.756542 0.271281
0.771249 0.297899
0.783180 0.326987
0.792342 0.358268
0.798746 0.391348
0.802398 0.425719
0.803298 0.460777
0.801432 0.495865
0.796783 0.530309
0.789327 0.563466
0.779043 0.594768
0.765923 0.623743
0.749986 0.650028
0.731290 0.673369
0.709952 0.693607
0.686161 0.710660
0.660189 0.724505
0.632403 0.735162
0.603256 0.742675
0.573278 0.747111
0.543044 0.748544
0.513150 0.747064
0.484168 0.742769
0.456622 0.735775
0.430954 0.726221
0.407516 0.714273
0.386563 0.700134
0.368255 0.684044
0.352674 0.666288
0.339827 0.647189
0.329670 0.627106
0.322110 0.606419
0.317021 0.585518
0.314249 0.564785
0.313618 0.544581
0.314932 0.525225
0.317983 0.506989
0.322550 0.490088
0.328402 0.474679
0.335305 0.460862
0.343023 0.448682
0.351323 0.438139
0.359979 0.429193
0.368780 0.421774
0.377531 0.415786
0.386055 0.411117
0.394200 0.407642
0.401839 0.405232
0.408868 0.403757
0.415208 0.403089
0.420801 0.403106
0.425613 0.403696
0.429624 0.404756
0.432832 0.406197
0.435247 0.407942
0.436889 0.409930
0.437786 0.412113
0.437970 0.414456
0.437480 0.416939
0.436356 0.419555
0.434642 0.422309
0.432382 0.425217
0.429622 0.428305
0.426411 0.431608
0.422800 0.435169
0.418842 0.439037
0.414595 0.443266
0.410122 0.447912
0.405491 0.453036
0.400776 0.458695
0.396059 0.464946
0.391429 0.471840
0.386981 0.479423
0.382819 0.487728
0.379056 0.496779
0.375807 0.506581
0.373196 0.517125
0.371350 0.528377
0.370400 0.540283
0.370474 0.552764
0.371703 0.565716
0.374211 0.579009
0.378116 0.592491
0.383525 0.605990
0.390532 0.619316
0.399212 0.632269
0.409617 0.644640
0.421768 0.656220
0.435653 0.666803
0.451221 0.676189
0.468374 0.684193
0.486968 0.690641
0.506807 0.695375
0.527652 0.698252
0.549218 0.699148
0.571191 0.697952
0.593234 0.694572
0.615004 0.688933
0.636167 0.680979
0.656407 0.670675
0.675441 0.658013
0.693025 0.643017
0.708956 0.625747
0.723072 0.606310
0.735251 0.584860
0.745405 0.561607
0.753475 0.536813
0.759424 0.510793
0.763230 0.483906
0.764884 0.456536
0.764386 0.429084
0.761737 0.401943
0.756943 0.375481
0.669010 0.693971
