0.270509 0.390164
0.260585 0.398175
0.260083 0.394942
0.269723 0.382779
0.282982 0.371981
0.289176 0.370279
0.283247 0.377997
0.267253 0.397664
0.254613 0.409871
0.246926 0.415785
0.245583 0.412713
0.251210 0.401212
0.263293 0.385268
0.279305 0.370391
0.294589 0.360828
0.304013 0.358115
0.304458 0.361749
0.296200 0.370609
0.282370 0.383346
0.263897 0.405661
0.251286 0.419189
0.241574 0.429639
0.235280 0.434960
0.232756 0.433789
0.234347 0.425914
0.240368 0.412489
0.250854 0.395869
0.265184 0.379009
0.281800 0.364629
0.298280 0.354500
0.311862 0.349201
0.320210 0.348378
0.322041 0.351301
0.317347 0.357361
0.307244 0.366240
0.293582 0.377708
0.278485 0.391232
0.260481 0.414179
0.248711 0.427937
0.238879 0.440205
0.231156 0.449745
0.225617 0.455443
0.222330 0.456475
0.221426 0.452450
0.223130 0.443516
0.227716 0.430408
0.235411 0.414397
0.246252 0.397122
0.259937 0.380321
0.275714 0.365528
0.292380 0.353823
0.308418 0.345721
0.322244 0.341195
0.332490 0.339835
0.338233 0.341067
0.339091 0.344369
0.335212 0.349417
0.327184 0.356121
0.315917 0.364552
0.302512 0.374790
0.288125 0.386765
0.273824 0.400124
0.257046 0.423242
0.246344 0.436799
0.237056 0.449655
0.229230 0.461065
0.222848 0.470300
0.217870 0.476698
0.214272 0.479723
0.212076 0.479011
0.211370 0.474413
0.212312 0.466034
0.215113 0.454252
0.220002 0.439722
0.227173 0.423332
0.236727 0.406129
0.248597 0.389204
0.262501 0.373564
0.277913 0.360020
0.294071 0.349113
0.310048 0.341084
0.324849 0.335893
0.337541 0.333276
0.347356 0.332830
0.353770 0.334112
0.356529 0.336726
0.355630 0.340392
0.351291 0.344984
0.343905 0.350518
0.333997 0.357118
0.322187 0.364951
0.309141 0.374156
0.295531 0.384777
0.281979 0.396710
0.269015 0.409681
0.253635 0.432871
0.243808 0.446375
0.235126 0.459552
0.227589 0.471904
0.221152 0.482928
0.215749 0.492140
0.211311 0.499102
0.207784 0.503436
0.205144 0.504849
0.203415 0.503147
0.202666 0.498255
0.203021 0.490236
0.204643 0.479304
0.207726 0.465835
0.212466 0.450357
0.219037 0.433533
0.227555 0.416111
0.238045 0.398867
0.250412 0.382537
0.264410 0.367760
0.279644 0.355023
0.295571 0.344638
0.311544 0.336732
0.326861 0.331261
0.340830 0.328037
0.352840 0.326767
0.362400 0.327098
0.369179 0.328670
0.373003 0.331162
0.373847 0.334327
0.371811 0.338020
0.367097 0.342200
0.359990 0.346924
0.350834 0.352320
0.340028 0.358561
0.328000 0.365817
0.315199 0.374230
0.302066 0.383874
0.289017 0.394731
0.276413 0.406684
0.264548 0.419505
0.250294 0.443086
0.241415 0.456342
0.233478 0.469483
0.226464 0.482169
0.220327 0.494057
0.215002 0.504808
0.210415 0.514099
0.206493 0.521633
0.203176 0.527147
0.200422 0.530414
0.198214 0.531258
0.196569 0.529552
0.195537 0.525237
0.195203 0.518321
0.195685 0.508899
0.197124 0.497155
0.199680 0.483371
0.203518 0.467927
0.208790 0.451283
0.215625 0.433965
0.224103 0.416534
0.234245 0.399545
0.245989 0.383516
0.259184 0.368893
0.273576 0.356026
0.288818 0.345156
0.304480 0.336406
0.320074 0.329791
0.335088 0.325223
0.349023 0.322530
0.361432 0.321476
0.371944 0.321786
0.380283 0.323169
0.386275 0.325349
0.389843 0.328084
0.390993 0.331187
0.389802 0.334541
0.386402 0.338097
0.380967 0.341879
0.373708 0.345969
0.364861 0.350491
0.354692 0.355601
0.343482 0.361455
0.331529 0.368201
0.319137 0.375952
0.306601 0.384776
0.294203 0.394683
0.282189 0.405618
0.270767 0.417462
0.260099 0.430031
0.247070 0.453902
0.239007 0.467028
0.231757 0.480145
0.225293 0.493008
0.219570 0.505365
0.214528 0.516969
0.210100 0.527578
0.206215 0.536966
0.202806 0.544920
0.199812 0.551249
0.197185 0.555782
0.194894 0.558372
0.192929 0.558900
0.191302 0.557275
0.190050 0.553442
0.189236 0.547386
0.188946 0.539140
0.189288 0.528792
0.190387 0.516490
0.192377 0.502451
0.195399 0.486956
0.199588 0.470347
0.205066 0.453019
0.211930 0.435396
0.220246 0.417919
0.230031 0.401012
0.241248 0.385067
0.253797 0.370424
0.267507 0.357352
0.282140 0.346046
0.297393 0.336623
0.312911 0.329120
0.328306 0.323504
0.343177 0.319677
0.357139 0.317483
0.369840 0.316726
0.380984 0.317181
0.390342 0.318606
0.397753 0.320764
0.403127 0.323433
0.406436 0.326422
0.407706 0.329582
0.407003 0.332813
0.404428 0.336068
0.400102 0.339349
0.394170 0.342708
0.386788 0.346233
0.378128 0.350043
0.368375 0.354274
0.357729 0.359070
0.346399 0.364566
0.334604 0.370882
0.322561 0.378112
0.310488 0.386314
0.298587 0.395506
0.287042 0.405662
0.276008 0.416712
0.265613 0.428543
0.255947 0.441003
0.244009 0.465331
0.236885 0.478013
0.230442 0.490743
0.224654 0.503350
0.219481 0.515656
0.214876 0.527488
0.210785 0.538677
0.207149 0.549059
0.203909 0.558481
0.201008 0.566797
0.198392 0.573876
0.196015 0.579595
0.193838 0.583844
0.191837 0.586524
0.189999 0.587552
0.188327 0.586856
0.186841 0.584381
0.185575 0.580093
0.184583 0.573979
0.183933 0.566053
0.183708 0.556362
0.184003 0.544990
0.184922 0.532063
0.186573 0.517750
0.189068 0.502264
0.192516 0.485860
0.197015 0.468829
0.202654 0.451486
0.209499 0.434158
0.217594 0.417171
0.226950 0.400837
0.237541 0.385436
0.249299 0.371213
0.262112 0.358365
0.275819 0.347039
0.290216 0.337330
0.305057 0.329284
0.320066 0.322897
0.334949 0.318120
0.349404 0.314867
0.363140 0.313014
0.375891 0.312410
0.387423 0.312883
0.397546 0.314248
0.406117 0.316314
0.413044 0.318896
0.418275 0.321821
0.421802 0.324938
0.423647 0.328123
0.423862 0.331284
0.422515 0.334364
0.419690 0.337341
0.415481 0.340231
0.409988 0.343075
0.403319 0.345947
0.395588 0.348937
0.386914 0.352152
0.377425 0.355708
0.367258 0.359721
0.356557 0.364304
0.345471 0.369556
0.334154 0.375564
0.322761 0.382390
0.311441 0.390074
0.300334 0.398626
0.289569 0.408032
0.279255 0.418244
0.269484 0.429191
0.260325 0.440772
0.251824 0.452866
0.241162 0.477380
0.234766 0.489905
0.228974 0.502501
0.223759 0.515033
0.219087 0.527365
0.214916 0.539364
0.211200 0.550901
0.207888 0.561850
0.204929 0.572093
0.202270 0.581517
0.199861 0.590018
0.197653 0.597498
0.195603 0.603866
0.193673 0.609039
0.191833 0.612941
0.190062 0.615501
0.188348 0.616655
0.186691 0.616348
0.185103 0.614531
0.183609 0.611166
0.182247 0.606226
0.181066 0.599700
0.180127 0.591594
0.179501 0.581936
0.179269 0.570780
0.179518 0.558209
0.180340 0.544339
0.181830 0.529320
0.184083 0.513338
0.187189 0.496606
0.191234 0.479367
0.196293 0.461882
0.202429 0.444421
0.209687 0.427255
0.218092 0.410643
0.227641 0.394825
0.238304 0.380013
0.250019 0.366386
0.262687 0.354088
0.276176 0.343221
0.290319 0.333853
0.304916 0.326012
0.319744 0.319693
0.334563 0.314857
0.349125 0.311438
0.363182 0.309340
0.376503 0.308447
0.388878 0.308623
0.400126 0.309718
0.410101 0.311574
0.418693 0.314028
0.425832 0.316921
0.431478 0.320102
0.435625 0.323434
0.438291 0.326800
0.439514 0.330106
0.439350 0.333282
0.437861 0.336288
0.435120 0.339108
0.431202 0.341755
0.426184 0.344264
0.420148 0.346692
0.413174 0.349112
0.405348 0.351613
0.396758 0.354291
0.387499 0.357248
0.377672 0.360586
0.367384 0.364403
0.356746 0.368791
0.345877 0.373830
0.334895 0.379584
0.323921 0.386104
0.313068 0.393418
0.302447 0.401535
0.292157 0.410445
0.282284 0.420115
0.272901 0.430491
0.264064 0.441501
0.255814 0.453058
0.248177 0.465056
0.238579 0.490048
0.232975 0.502181
0.227891 0.514386
0.223304 0.526562
0.219185 0.538608
0.215501 0.550426
0.212213 0.561919
0.209283 0.572995
0.206667 0.583566
0.204323 0.593549
0.202208 0.602866
0.200279 0.611442
0.198496 0.619211
0.196820 0.626107
0.195216 0.632071
0.193653 0.637046
0.192106 0.640981
0.190555 0.643826
0.188988 0.645534
0.187399 0.646061
0.185793 0.645368
0.184181 0.643417
0.182586 0.640176
0.181036 0.635619
0.179570 0.629728
0.178237 0.622494
0.177091 0.613922
0.176193 0.604031
0.175610 0.592858
0.175415 0.580462
0.175683 0.566926
0.176490 0.552355
0.177913 0.536885
0.180029 0.520671
0.182909 0.503894
0.186621 0.486753
0.191227 0.469457
0.196777 0.452224
0.203311 0.435271
0.210855 0.418805
0.219418 0.403020
0.228991 0.388092
0.239540 0.374171
0.251010 0.361383
0.263319 0.349825
0.276361 0.339568
0.290004 0.330656
0.304092 0.323107
0.318450 0.316915
0.332890 0.312052
0.347215 0.308469
0.361225 0.306098
0.374727 0.304853
0.387540 0.304635
0.399503 0.305332
0.410475 0.306820
0.420343 0.308970
0.429021 0.311651
0.436450 0.314731
0.442598 0.318082
0.447454 0.321585
0.451028 0.325133
0.453348 0.328633
0.454453 0.332010
0.454390 0.335207
0.453216 0.338188
0.450986 0.340935
0.447761 0.343451
0.443600 0.345756
0.438561 0.347887
0.432703 0.349895
0.426083 0.351844
0.418761 0.353805
0.410798 0.355858
0.402258 0.358087
0.393210 0.360577
0.383726 0.363413
0.373885 0.366674
0.363770 0.370434
0.353467 0.374761
0.343066 0.379711
0.332657 0.385328
0.322329 0.391643
0.312169 0.398675
0.302257 0.406427
0.292665 0.414885
0.283460 0.424025
0.274694 0.433806
0.266411 0.444173
0.258642 0.455061
0.251409 0.466394
0.244721 0.478087
0.236312 0.503327
0.231409 0.515146
0.226964 0.527028
0.222955 0.538893
0.219359 0.550663
0.216146 0.562263
0.213287 0.573619
0.210747 0.584659
0.208493 0.595318
0.206488 0.605532
0.204698 0.615241
0.203086 0.624390
0.201616 0.632927
0.200252 0.640802
0.198963 0.647970
0.197715 0.654389
0.196480 0.660018
0.195231 0.664818
0.193947 0.668753
0.192610 0.671788
0.191207 0.673887
0.189730 0.675018
0.188178 0.675147
0.186556 0.674245
0.184876 0.672280
0.183155 0.669224
0.181420 0.665052
0.179702 0.659741
0.178038 0.653277
0.176472 0.645649
0.175054 0.636857
0.173836 0.626912
0.172877 0.615838
0.172236 0.603674
0.171977 0.590479
0.172163 0.576329
0.172859 0.561321
0.174128 0.545574
0.176033 0.529222
0.178633 0.512419
0.181984 0.495334
0.186135 0.478141
0.191132 0.461023
0.197009 0.444159
0.203793 0.427724
0.211499 0.411883
0.220127 0.396783
0.229666 0.382557
0.240082 0.369317
0.251328 0.357154
0.263335 0.346140
0.276015 0.336324
0.289260 0.327736
0.302946 0.320389
0.316929 0.314278
0.331058 0.309379
0.345169 0.305658
0.359097 0.303061
0.372678 0.301526
0.385754 0.300977
0.398180 0.301328
0.409825 0.302482
0.420576 0.304337
0.430342 0.306785
0.439052 0.309714
0.446659 0.313014
0.453132 0.316574
0.458463 0.320289
0.462657 0.324062
0.465734 0.327806
0.467726 0.331445
0.468671 0.334917
0.468614 0.338174
0.467602 0.341183
0.465687 0.343927
0.462916 0.346404
0.459339 0.348624
0.455002 0.350612
0.449951 0.352406
0.444227 0.354050
0.437875 0.355601
0.430936 0.357121
0.423454 0.358676
0.415473 0.360338
0.407042 0.362178
0.398211 0.364269
0.389035 0.366681
0.379574 0.369481
0.369892 0.372733
0.360055 0.376490
0.350133 0.380804
0.340197 0.385712
0.330318 0.391247
0.320567 0.397427
0.311009 0.404263
0.301707 0.411754
0.292717 0.419887
0.284089 0.428639
0.275864 0.437976
0.268078 0.447855
0.260754 0.458224
0.253910 0.469025
0.247555 0.480190
0.241691 0.491649
0.234414 0.517203
0.230148 0.528751
0.226292 0.540345
0.222824 0.551922
0.219725 0.563420
0.216969 0.574779
0.214530 0.585940
0.212381 0.596849
0.210494 0.607454
0.208838 0.617706
0.207384 0.627558
0.206101 0.636968
0.204958 0.645896
0.203924 0.654304
0.202970 0.662157
0.202066 0.669424
0.201184 0.676073
0.200297 0.682076
0.199380 0.687404
0.198411 0.692032
0.197369 0.695933
0.196239 0.699081
0.195007 0.701452
0.193666 0.703021
0.192210 0.703761
0.190640 0.703647
0.188961 0.702654
0.187186 0.700755
0.185328 0.697925
0.183411 0.694140
0.181460 0.689376
0.179507 0.683614
0.177587 0.676837
0.175741 0.669033
0.174012 0.660197
0.172449 0.650332
0.171100 0.639451
0.170017 0.627580
0.169254 0.614758
0.168866 0.601038
0.168906 0.586492
0.169430 0.571207
0.170490 0.555286
0.172140 0.538849
0.174428 0.522031
0.177401 0.504973
0.181102 0.487830
0.185570 0.470755
0.190837 0.453906
0.196929 0.437431
0.203864 0.421475
0.211649 0.406168
0.220283 0.391629
0.229749 0.377959
0.240022 0.365245
0.251057 0.353556
0.262796 0.342945
0.275167 0.333450
0.288078 0.325092
0.301427 0.317879
0.315096 0.311807
0.328957 0.306858
0.342873 0.303004
0.356703 0.300205
0.370306 0.298413
0.383542 0.297568
0.396280 0.297604
0.408398 0.298444
0.419788 0.300007
0.430356 0.302204
0.440026 0.304943
0.448740 0.308128
0.456455 0.311662
0.463147 0.315449
0.468806 0.319396
0.473437 0.323415
0.477054 0.327424
0.479684 0.331350
0.481359 0.335128
0.482118 0.338707
0.482002 0.342045
0.481056 0.345114
0.479322 0.347895
0.476846 0.350385
0.473668 0.352589
0.469828 0.354524
0.465363 0.356217
0.460307 0.357703
0.454695 0.359025
0.448557 0.360231
0.441924 0.361376
0.434827 0.362518
0.427298 0.363718
0.419371 0.365038
0.411082 0.366541
0.402471 0.368289
0.393580 0.370342
0.384456 0.372757
0.375150 0.375587
0.365714 0.378880
0.356205 0.382678
0.346680 0.387017
0.337198 0.391926
0.327815 0.397424
0.318590 0.403525
0.309574 0.410232
0.300817 0.417541
0.292365 0.425439
0.284256 0.433904
0.276524 0.442907
0.269195 0.452411
0.262291 0.462374
0.255824 0.472747
0.249804 0.483476
0.244232 0.494502
0.239104 0.505765
0.232938 0.531650
0.229291 0.542858
0.226006 0.554092
0.223067 0.565302
0.220454 0.576439
0.218147 0.587455
0.216125 0.598306
0.214364 0.608948
0.212842 0.619341
0.211533 0.629448
0.210412 0.639233
0.209456 0.648664
0.208637 0.657709
0.207931 0.666342
0.207310 0.674535
0.206751 0.682264
0.206228 0.689507
0.205715 0.696242
0.205190 0.702448
0.204629 0.708108
0.204011 0.713201
0.203315 0.717711
0.202525 0.721619
0.201624 0.724907
0.200601 0.727557
0.199444 0.729551
0.198148 0.730869
0.196709 0.731492
0.195128 0.731400
0.193410 0.730571
0.191564 0.728984
0.189602 0.726616
0.187543 0.723445
0.185406 0.719448
0.183217 0.714604
0.181005 0.708892
0.178802 0.702294
0.176643 0.694796
0.174566 0.686386
0.172611 0.677059
0.170820 0.666818
0.169238 0.655672
0.167909 0.643644
0.166879 0.630763
0.166194 0.617075
0.165900 0.602638
0.166043 0.587523
0.166667 0.571817
0.167816 0.555617
0.169532 0.539036
0.171856 0.522193
0.174823 0.505217
0.178470 0.488240
0.182827 0.471397
0.187919 0.454820
0.193769 0.438636
0.200390 0.422966
0.207791 0.407918
0.215971 0.393592
0.224922 0.380073
0.234622 0.367434
0.245042 0.355733
0.256139 0.345016
0.267858 0.335318
0.280131 0.326659
0.292879 0.319052
0.306009 0.312495
0.319421 0.306981
0.333003 0.302491
0.346639 0.299001
0.360209 0.296476
0.373590 0.294874
0.386663 0.294149
0.399315 0.294244
0.411437 0.295098
0.422934 0.296644
0.433720 0.298810
0.443723 0.301519
0.452887 0.304689
0.461167 0.308240
0.468532 0.312088
0.474968 0.316149
0.480469 0.320343
0.485042 0.324593
0.488702 0.328827
0.491473 0.332977
0.493385 0.336986
0.494472 0.340803
0.494772 0.344387
0.494323 0.347705
0.493166 0.350736
0.491340 0.353467
0.488882 0.355893
0.485828 0.358021
0.482211 0.359865
0.478062 0.361446
0.473411 0.362792
0.468281 0.363938
0.462699 0.364924
0.456686 0.365793
0.450264 0.366595
0.443456 0.367379
0.436283 0.368197
0.428770 0.369104
0.420943 0.370153
0.412828 0.371397
0.404459 0.372889
0.395867 0.374679
0.387092 0.376815
0.378173 0.379340
0.369153 0.382294
0.360077 0.385713
0.350993 0.389627
0.341948 0.394060
0.332989 0.399032
0.324164 0.404554
0.315518 0.410633
0.307092 0.417266
0.298927 0.424448
0.291057 0.432162
0.283512 0.440390
0.276319 0.449105
0.269499 0.458275
0.263067 0.467863
0.257035 0.477827
0.251409 0.488124
0.246190 0.498706
0.241377 0.509522
0.236962 0.520520
0.231938 0.546633
0.228881 0.557447
0.226144 0.568266
0.223711 0.579051
0.221568 0.589762
0.219696 0.600363
0.218078 0.610819
0.216695 0.621096
0.215527 0.631164
0.214556 0.640993
0.213759 0.650558
0.213118 0.659833
0.212610 0.668795
0.212216 0.677424
0.211913 0.685699
0.211680 0.693603
0.211496 0.701119
0.211339 0.708232
0.211189 0.714926
0.211023 0.721188
0.210823 0.727005
0.210569 0.732365
0.210241 0.737255
0.209823 0.741664
0.209297 0.745578
0.208650 0.748987
0.207868 0.751877
0.206942 0.754236
0.205863 0.756049
0.204625 0.757304
0.203225 0.757984
0.201664 0.758073
0.199945 0.757555
0.198074 0.756412
0.196061 0.754625
0.193919 0.752174
0.191664 0.749039
0.189316 0.745200
0.186897 0.740636
0.184432 0.735326
0.181949 0.729253
0.179477 0.722398
0.177050 0.714746
0.174701 0.706285
0.172465 0.697008
0.170379 0.686914
0.168482 0.676007
0.166810 0.664300
0.165402 0.651814
0.164298 0.638581
0.163535 0.624643
0.163152 0.610055
0.163186 0.594882
0.163674 0.579200
0.164652 0.563098
0.166154 0.546672
0.168212 0.530027
0.170858 0.513275
0.174121 0.496530
0.178025 0.479907
0.182595 0.463520
0.187850 0.447480
0.193803 0.431891
0.200466 0.416849
0.207843 0.402441
0.215932 0.388744
0.224722 0.375825
0.234197 0.363739
0.244330 0.352532
0.255086 0.342237
0.266418 0.332880
0.278272 0.324477
0.290582 0.317037
0.303273 0.310558
0.316261 0.305035
0.329454 0.300454
0.342756 0.296796
0.356064 0.294035
0.369275 0.292139
0.382286 0.291073
0.394993 0.290795
0.407301 0.291257
0.419120 0.292408
0.430367 0.294191
0.440969 0.296546
0.450865 0.299407
0.460004 0.302708
0.468347 0.306377
0.475867 0.310345
0.482546 0.314538
0.488377 0.318887
0.493364 0.323321
0.497517 0.327776
0.500853 0.332187
0.503398 0.336499
0.505178 0.340661
0.506226 0.344627
0.506577 0.348360
0.506264 0.351831
0.505325 0.355016
0.503794 0.357902
0.501706 0.360482
0.499092 0.362755
0.495983 0.364728
0.492407 0.366416
0.488388 0.367837
0.483950 0.369015
0.479113 0.369982
0.473896 0.370769
0.468315 0.371414
0.462386 0.371956
0.456125 0.372438
0.449546 0.372905
0.442665 0.373400
0.435499 0.373971
0.428066 0.374662
0.420387 0.375520
0.412483 0.376588
0.404379 0.377912
0.396105 0.379530
0.387689 0.381483
0.379166 0.383806
0.370570 0.386531
0.361939 0.389689
0.353311 0.393302
0.344725 0.397392
0.336221 0.401974
0.327837 0.407058
0.319612 0.412651
0.311580 0.418751
0.303775 0.425356
0.296229 0.432453
0.288967 0.440030
0.282014 0.448064
0.275389 0.456533
0.269109 0.465408
0.263184 0.474657
0.257624 0.484244
0.252432 0.494132
0.247611 0.504281
0.243157 0.514648
0.239065 0.525191
0.235329 0.535867
0.231471 0.562109
0.228955 0.572552
0.226724 0.582980
0.224765 0.593360
0.223063 0.603663
0.221605 0.613857
0.220374 0.623917
0.219355 0.633816
0.218531 0.643531
0.217888 0.653038
0.217407 0.662319
0.217072 0.671354
0.216865 0.680125
0.216770 0.688617
0.216768 0.696816
0.216842 0.704708
0.216974 0.712280
0.217145 0.719522
0.217338 0.726423
0.217533 0.732972
0.217714 0.739162
0.217862 0.744983
0.217959 0.750427
0.217989 0.755486
0.217934 0.760151
0.217779 0.764416
0.217509 0.768271
0.217111 0.771709
0.216571 0.774722
0.215880 0.777299
0.215027 0.779432
0.214007 0.781110
0.212813 0.782323
0.211443 0.783058
0.209897 0.783304
0.208177 0.783045
0.206287 0.782269
0.204235 0.780959
0.202032 0.779098
0.199689 0.776669
0.197222 0.773654
0.194649 0.770034
0.191991 0.765790
0.189268 0.760902
0.186507 0.755351
0.183733 0.749118
0.180975 0.742186
0.178261 0.734540
0.175621 0.726166
0.173089 0.717056
0.170695 0.707204
0.168472 0.696610
0.166454 0.685280
0.164672 0.673228
0.163161 0.660475
0.161953 0.647052
0.161080 0.632998
0.160573 0.618363
0.160465 0.603206
0.160786 0.587596
0.161565 0.571613
0.162830 0.555340
0.164610 0.538873
0.166930 0.522307
0.169814 0.505743
0.173285 0.489284
0.177363 0.473030
0.182065 0.457078
0.187407 0.441521
0.193399 0.426445
0.200048 0.411930
0.207357 0.398047
0.215323 0.384856
0.223937 0.372411
0.233184 0.360755
0.243042 0.349924
0.253480 0.339946
0.264461 0.330838
0.275939 0.322614
0.287859 0.315280
0.300159 0.308837
0.312768 0.303277
0.325610 0.298592
0.338603 0.294767
0.351660 0.291781
0.364691 0.289611
0.377605 0.288228
0.390311 0.287602
0.402722 0.287695
0.414754 0.288466
0.426328 0.289872
0.437373 0.291864
0.447826 0.294391
0.457632 0.297396
0.466746 0.300823
0.475132 0.304611
0.482765 0.308698
0.489627 0.313021
0.495709 0.317517
0.501012 0.322124
0.505544 0.326782
0.509316 0.331432
0.512348 0.336021
0.514665 0.340498
0.516292 0.344817
0.517259 0.348939
0.517599 0.352830
0.517344 0.356460
0.516527 0.359810
0.515180 0.362862
0.513335 0.365609
0.511020 0.368047
0.508265 0.370179
0.505096 0.372012
0.501535 0.373561
0.497603 0.374842
0.493321 0.375878
0.488703 0.376694
0.483766 0.377320
0.478521 0.377786
0.472980 0.378127
0.467155 0.378379
0.461056 0.378580
0.454692 0.378768
0.448075 0.378982
0.441216 0.379263
0.434128 0.379650
0.426826 0.380183
0.419326 0.380901
0.411647 0.381840
0.403810 0.383038
0.395838 0.384528
0.387758 0.386343
0.379596 0.388513
0.371383 0.391064
0.363150 0.394020
0.354929 0.397401
0.346754 0.401225
0.338657 0.405504
0.330672 0.410248
0.322830 0.415460
0.315162 0.421143
0.307698 0.427291
0.300464 0.433899
0.293484 0.440953
0.286779 0.448439
0.280368 0.456336
0.274267 0.464623
0.268486 0.473272
0.263036 0.482256
0.257921 0.491542
0.253146 0.501099
0.248710 0.510890
0.244611 0.520881
0.240845 0.531035
0.237406 0.541315
0.234284 0.551685
0.231593 0.578021
0.229591 0.588043
0.227841 0.598030
0.226332 0.607958
0.225051 0.617802
0.223987 0.627538
0.223126 0.637147
0.222455 0.646607
0.221961 0.655901
0.221630 0.665012
0.221449 0.673925
0.221404 0.682626
0.221480 0.691102
0.221664 0.699341
0.221941 0.707333
0.222297 0.715068
0.222717 0.722537
0.223185 0.729733
0.223688 0.736647
0.224208 0.743273
0.224732 0.749605
0.225242 0.755637
0.225725 0.761363
0.226165 0.766777
0.226545 0.771875
0.226852 0.776652
0.227069 0.781103
0.227184 0.785222
0.227182 0.789004
0.227051 0.792445
0.226779 0.795538
0.226354 0.798277
0.225767 0.800657
0.225011 0.802669
0.224078 0.804307
0.222963 0.805562
0.221663 0.806425
0.220178 0.806887
0.218507 0.806937
0.216654 0.806564
0.214624 0.805755
0.212425 0.804497
0.210065 0.802775
0.207556 0.800575
0.204912 0.797880
0.202149 0.794674
0.199284 0.790938
0.196338 0.786656
0.193330 0.781808
0.190284 0.776377
0.187224 0.770344
0.184175 0.763692
0.181163 0.756406
0.178214 0.748470
0.175357 0.739873
0.172619 0.730606
0.170028 0.720664
0.167612 0.710046
0.165400 0.698757
0.163419 0.686807
0.161697 0.674215
0.160263 0.661005
0.159142 0.647210
0.158361 0.632873
0.157946 0.618043
0.157923 0.602778
0.158317 0.587145
0.159150 0.571216
0.160446 0.555070
0.162228 0.538793
0.164515 0.522470
0.167329 0.506191
0.170687 0.490046
0.174605 0.474122
0.179099 0.458503
0.184181 0.443269
0.189860 0.428494
0.196143 0.414247
0.203034 0.400587
0.210532 0.387568
0.218631 0.375236
0.227321 0.363629
0.236586 0.352778
0.246405 0.342707
0.256750 0.333435
0.267586 0.324974
0.278872 0.317331
0.290559 0.310508
0.302593 0.304504
0.314913 0.299312
0.327453 0.294922
0.340140 0.291323
0.352900 0.288497
0.365654 0.286424
0.378324 0.285081
0.390830 0.284443
0.403094 0.284480
0.415042 0.285160
0.426602 0.286446
0.437710 0.288299
0.448305 0.290678
0.458335 0.293537
0.467756 0.296828
0.476530 0.300501
0.484627 0.304504
0.492028 0.308782
0.498717 0.313280
0.504688 0.317944
0.509943 0.322718
0.514485 0.327549
0.518329 0.332384
0.521489 0.337174
0.523987 0.341872
0.525846 0.346436
0.527092 0.350826
0.527754 0.355009
0.527862 0.358955
0.527444 0.362640
0.526532 0.366046
0.525154 0.369158
0.523339 0.371969
0.521114 0.374475
0.518505 0.376676
0.515535 0.378579
0.512226 0.380193
0.508596 0.381533
0.504664 0.382615
0.500443 0.383459
0.495947 0.384090
0.491188 0.384531
0.486175 0.384812
0.480916 0.384962
0.475418 0.385012
0.469690 0.384993
0.463736 0.384940
0.457565 0.384886
0.451183 0.384866
0.444598 0.384914
0.437820 0.385063
0.430859 0.385349
0.423728 0.385804
0.416440 0.386460
0.409012 0.387350
0.401462 0.388501
0.393810 0.389944
0.386079 0.391704
0.378291 0.393804
0.370473 0.396267
0.362651 0.399112
0.354852 0.402355
0.347105 0.406010
0.339437 0.410086
0.331877 0.414590
0.324452 0.419527
0.317188 0.424896
0.310109 0.430694
0.303239 0.436915
0.296598 0.443549
0.290206 0.450583
0.284079 0.458000
0.278231 0.465782
0.272672 0.473907
0.267413 0.482351
0.262459 0.491088
0.257814 0.500091
0.253481 0.509329
0.249457 0.518773
0.245742 0.528392
0.242331 0.538154
0.239218 0.548029
0.236397 0.557985
0.233858 0.567992
0.232361 0.594304
0.230834 0.603915
0.229532 0.613475
0.228444 0.622963
0.227560 0.632360
0.226869 0.641648
0.226361 0.650810
0.226023 0.659832
0.225846 0.668700
0.225817 0.677402
0.225925 0.685925
0.226160 0.694260
0.226508 0.702397
0.226960 0.710328
0.227502 0.718046
0.228123 0.725543
0.228811 0.732814
0.229553 0.739852
0.230337 0.746653
0.231150 0.753212
0.231980 0.759525
0.232812 0.765587
0.233634 0.771396
0.234433 0.776948
0.235194 0.782239
0.235904 0.787267
0.236550 0.792028
0.237119 0.796519
0.237596 0.800737
0.237969 0.804679
0.238226 0.808342
0.238354 0.811723
0.238342 0.814817
0.238179 0.817621
0.237856 0.820130
0.237364 0.822340
0.236695 0.824245
0.235843 0.825841
0.234803 0.827120
0.233571 0.828076
0.232147 0.828701
0.230528 0.828988
0.228718 0.828927
0.226720 0.828508
0.224538 0.827722
0.222180 0.826556
0.219655 0.824998
0.216974 0.823035
0.214148 0.820653
0.211192 0.817838
0.208122 0.814572
0.204956 0.810841
0.201711 0.806628
0.198408 0.801914
0.195068 0.796684
0.191713 0.790919
0.188365 0.784602
0.185048 0.777718
0.181786 0.770251
0.178604 0.762187
0.175525 0.753515
0.172575 0.744226
0.169778 0.734314
0.167159 0.723779
0.164741 0.712622
0.162548 0.700852
0.160605 0.688484
0.158934 0.675537
0.157559 0.662040
0.156501 0.648026
0.155782 0.633537
0.155423 0.618623
0.155446 0.603339
0.155870 0.587749
0.156715 0.571920
0.158000 0.555925
0.159742 0.539841
0.161960 0.523746
0.164669 0.507721
0.167885 0.491844
0.171622 0.476193
0.175892 0.460842
0.180706 0.445861
0.186072 0.431317
0.191999 0.417266
0.198488 0.403765
0.205541 0.390858
0.213156 0.378587
0.221326 0.366985
0.230040 0.356082
0.239282 0.345898
0.249033 0.336452
0.259267 0.327755
0.269951 0.319816
0.281050 0.312638
0.292520 0.306220
0.304314 0.300562
0.316376 0.295655
0.328650 0.291492
0.341071 0.288061
0.353575 0.285348
0.366092 0.283337
0.378553 0.282009
0.390887 0.281343
0.403024 0.281314
0.414897 0.281896
0.426441 0.283061
0.437596 0.284775
0.448304 0.287006
0.458517 0.289714
0.468189 0.292861
0.477283 0.296404
0.485767 0.300299
0.493618 0.304500
0.500817 0.308958
0.507352 0.313626
0.513219 0.318454
0.518418 0.323393
0.522954 0.328394
0.526837 0.333410
0.530083 0.338395
0.532709 0.343307
0.534735 0.348103
0.536187 0.352749
0.537088 0.357208
0.537465 0.361454
0.537347 0.365459
0.536760 0.369203
0.535733 0.372669
0.534293 0.375846
0.532466 0.378725
0.530276 0.381302
0.527748 0.383579
0.524902 0.385559
0.521760 0.387249
0.518339 0.388661
0.514655 0.389809
0.510723 0.390708
0.506553 0.391379
0.502157 0.391842
0.497544 0.392121
0.492721 0.392239
0.487693 0.392224
0.482466 0.392102
0.477044 0.391901
0.471433 0.391651
0.465634 0.391380
0.459653 0.391120
0.453495 0.390899
0.447165 0.390748
0.440669 0.390698
0.434016 0.390776
0.427214 0.391012
0.420275 0.391435
0.413211 0.392071
0.406037 0.392947
0.398768 0.394087
0.391422 0.395515
0.384019 0.397252
0.376580 0.399318
0.369126 0.401730
0.361681 0.404505
0.354269 0.407655
0.346913 0.411190
0.339638 0.415119
0.332468 0.419447
0.325426 0.424177
0.318536 0.429308
0.311818 0.434837
0.305293 0.440758
0.298978 0.447062
0.292891 0.453738
0.287046 0.460773
0.281457 0.468149
0.276132 0.475848
0.271082 0.483849
0.266311 0.492130
0.261825 0.500667
0.257627 0.509434
0.253715 0.518406
0.250091 0.527556
0.246750 0.536855
0.243689 0.546278
0.240902 0.555797
0.238384 0.565384
0.236126 0.575014
0.234122 0.584662
0.233833 0.610882
0.232749 0.620085
0.231867 0.629220
0.231176 0.638273
0.230667 0.647227
0.230331 0.656070
0.230159 0.664788
0.230141 0.673371
0.230267 0.681807
0.230529 0.690089
0.230917 0.698207
0.231421 0.706155
0.232031 0.713926
0.232739 0.721513
0.233533 0.728912
0.234405 0.736118
0.235344 0.743128
0.236341 0.749936
0.237384 0.756540
0.238464 0.762938
0.239570 0.769126
0.240689 0.775101
0.241813 0.780863
0.242928 0.786407
0.244023 0.791734
0.245087 0.796840
0.246108 0.801724
0.247072 0.806384
0.247970 0.810819
0.248787 0.815026
0.249512 0.819004
0.250134 0.822751
0.250641 0.826265
0.251020 0.829544
0.251262 0.832585
0.251357 0.835386
0.251293 0.837944
0.251063 0.840256
0.250658 0.842318
0.250071 0.844127
0.249296 0.845678
0.248329 0.846966
0.247164 0.847987
0.245801 0.848734
0.244238 0.849201
0.242476 0.849381
0.240516 0.849267
0.238362 0.848850
0.236021 0.848121
0.233497 0.847070
0.230801 0.845687
0.227941 0.843961
0.224929 0.841878
0.221779 0.839427
0.218503 0.836593
0.215119 0.833361
0.211643 0.829718
0.208092 0.825647
0.204486 0.821132
0.200844 0.816156
0.197186 0.810704
0.193534 0.804758
0.189908 0.798302
0.186330 0.791321
0.182823 0.783800
0.179407 0.775726
0.176106 0.767087
0.172940 0.757876
0.169931 0.748085
0.167100 0.737712
0.164469 0.726758
0.162058 0.715229
0.159886 0.703136
0.157975 0.690494
0.156342 0.677326
0.155007 0.663661
0.153989 0.649534
0.153304 0.634984
0.152972 0.620062
0.153008 0.604819
0.153430 0.589314
0.154253 0.573612
0.155494 0.557779
0.157167 0.541886
0.159286 0.526003
0.161866 0.510204
0.164920 0.494558
0.168458 0.479137
0.172494 0.464005
0.177035 0.449226
0.182090 0.434858
0.187665 0.420953
0.193766 0.407560
0.200393 0.394721
0.207547 0.382473
0.215223 0.370846
0.223415 0.359866
0.232113 0.349554
0.241300 0.339926
0.250960 0.330995
0.261068 0.322768
0.271595 0.315251
0.282509 0.308446
0.293772 0.302350
0.305341 0.296961
0.317167 0.292274
0.329201 0.288280
0.341385 0.284969
0.353661 0.282330
0.365969 0.280349
0.378245 0.279011
0.390428 0.278298
0.402452 0.278191
0.414258 0.278667
0.425784 0.279703
0.436975 0.281274
0.447778 0.283349
0.458144 0.285899
0.468030 0.288891
0.477397 0.292288
0.486213 0.296054
0.494451 0.300149
0.502090 0.304532
0.509116 0.309159
0.515517 0.313988
0.521289 0.318974
0.526434 0.324073
0.530955 0.329239
0.534862 0.334431
0.538167 0.339604
0.540886 0.344720
0.543039 0.349739
0.544646 0.354627
0.545729 0.359349
0.546314 0.363878
0.546426 0.368186
0.546090 0.372252
0.545332 0.376058
0.544178 0.379587
0.542653 0.382830
0.540783 0.385780
0.538589 0.388432
0.536094 0.390786
0.533318 0.392846
0.530281 0.394618
0.526998 0.396111
0.523487 0.397336
0.519759 0.398307
0.515827 0.399040
0.511700 0.399552
0.507388 0.399864
0.502896 0.399996
0.498231 0.399971
0.493396 0.399811
0.488395 0.399541
0.483232 0.399187
0.477907 0.398772
0.472424 0.398325
0.466785 0.397870
0.460991 0.397434
0.455046 0.397044
0.448954 0.396727
0.442719 0.396508
0.436347 0.396413
0.429846 0.396469
0.423222 0.396699
0.416487 0.397127
0.409652 0.397777
0.402729 0.398671
0.395734 0.399830
0.388682 0.401272
0.381592 0.403016
0.374480 0.405078
0.367368 0.407472
0.360274 0.410212
0.353221 0.413307
0.346229 0.416766
0.339319 0.420595
0.332513 0.424798
0.325831 0.429377
0.319292 0.434330
0.312917 0.439654
0.306721 0.445344
0.300722 0.451391
0.294934 0.457785
0.289370 0.464514
0.284042 0.471563
0.278960 0.478916
0.274131 0.486554
0.269562 0.494457
0.265256 0.502604
0.261218 0.510973
0.257447 0.519540
0.253944 0.528282
0.250707 0.537175
0.247733 0.546194
0.245018 0.555315
0.242557 0.564514
0.240345 0.573767
0.238373 0.583052
0.236636 0.592346
0.235125 0.601630
0.273626 0.383134
