0.687379 0.323369
0.674317 0.301575
0.674824 0.299847
0.689042 0.319664
0.702629 0.348271
0.706483 0.362792
0.700825 0.350974
0.681714 0.317052
0.662392 0.289512
0.648574 0.273257
0.647642 0.270171
0.660786 0.280910
0.681642 0.305132
0.700686 0.338697
0.711888 0.371989
0.715353 0.393618
0.714024 0.396433
0.708963 0.380082
0.698488 0.350379
0.675311 0.310246
0.653832 0.282796
0.633160 0.262705
0.618450 0.250454
0.613868 0.245724
0.621099 0.248471
0.638634 0.259351
0.662064 0.279209
0.685559 0.307786
0.704101 0.342406
0.715283 0.377791
0.719682 0.407623
0.719785 0.426806
0.718176 0.432699
0.716009 0.424962
0.712493 0.405053
0.705556 0.376109
0.693266 0.342770
0.668084 0.303035
0.645945 0.277415
0.622653 0.257232
0.601311 0.242588
0.585036 0.232960
0.576357 0.227678
0.576786 0.226335
0.586575 0.229050
0.604588 0.236499
0.628356 0.249682
0.654427 0.269457
0.679096 0.295950
0.699287 0.327999
0.713232 0.362980
0.720715 0.397228
0.722869 0.426993
0.721647 0.449381
0.719135 0.462765
0.716900 0.466617
0.715556 0.461104
0.714662 0.446822
0.712925 0.424819
0.708626 0.396802
0.700168 0.365219
0.686612 0.333013
0.659945 0.295510
0.637710 0.272239
0.613612 0.253271
0.589561 0.238611
0.567611 0.227853
0.549688 0.220371
0.537384 0.215516
0.531831 0.212786
0.533650 0.211960
0.542912 0.213170
0.559088 0.216901
0.580990 0.223918
0.606790 0.235108
0.634169 0.251271
0.660643 0.272857
0.683971 0.299702
0.702510 0.330827
0.715418 0.364417
0.722692 0.398073
0.725059 0.429276
0.723780 0.455894
0.720388 0.476502
0.716395 0.490415
0.713016 0.497503
0.710983 0.497938
0.710449 0.491989
0.711005 0.479951
0.711783 0.462203
0.711607 0.439348
0.709203 0.412375
0.703411 0.382714
0.693395 0.352142
0.678815 0.322528
0.650801 0.287771
0.628115 0.266483
0.603339 0.248913
0.577808 0.235023
0.552995 0.224499
0.530348 0.216841
0.511160 0.211463
0.496487 0.207784
0.487119 0.205313
0.483589 0.203718
0.486189 0.202884
0.494969 0.202939
0.509702 0.204250
0.529822 0.207392
0.554361 0.213081
0.581942 0.222088
0.610856 0.235131
0.639236 0.252741
0.665304 0.275115
0.687594 0.301985
0.705114 0.332511
0.717406 0.365299
0.724534 0.398551
0.727019 0.430353
0.725750 0.458992
0.721857 0.483204
0.716570 0.502262
0.711067 0.515923
0.706333 0.524274
0.703052 0.527566
0.701558 0.526068
0.701822 0.519986
0.703481 0.509449
0.705892 0.494561
0.708205 0.475493
0.709450 0.452599
0.708644 0.426513
0.704890 0.398187
0.697483 0.368844
0.685990 0.339835
0.670328 0.312458
0.640557 0.279928
0.617720 0.260818
0.592820 0.244934
0.566821 0.232229
0.540792 0.222469
0.515809 0.215288
0.492870 0.210234
0.472834 0.206816
0.456386 0.204546
0.444042 0.202985
0.436174 0.201778
0.433038 0.200689
0.434801 0.199629
0.441546 0.198671
0.453253 0.198048
0.469764 0.198143
0.490723 0.199463
0.515519 0.202598
0.543250 0.208179
0.572743 0.216825
0.602629 0.229080
0.631477 0.245347
0.657954 0.265805
0.680962 0.290324
0.699721 0.318400
0.713809 0.349132
0.723145 0.381275
0.727961 0.413380
0.728758 0.443989
0.726250 0.471838
0.721309 0.495998
0.714888 0.515929
0.707939 0.531448
0.701327 0.542640
0.695762 0.549752
0.691752 0.553081
0.689576 0.552901
0.689288 0.549404
0.690728 0.542686
0.693547 0.532758
0.697239 0.519589
0.701168 0.503165
0.704620 0.483559
0.706840 0.461009
0.707093 0.435965
0.704711 0.409105
0.699146 0.381305
0.690013 0.353557
0.677130 0.326856
0.660544 0.302086
0.629119 0.272100
0.605899 0.254934
0.580723 0.240675
0.554352 0.229267
0.527625 0.220526
0.501395 0.214170
0.476465 0.209848
0.453542 0.207165
0.433200 0.205706
0.415880 0.205056
0.401902 0.204826
0.391489 0.204674
0.384797 0.204328
0.381942 0.203609
0.383020 0.202440
0.388113 0.200862
0.397285 0.199035
0.410557 0.197228
0.427873 0.195810
0.449049 0.195226
0.473724 0.195977
0.501320 0.198591
0.531024 0.203596
0.561820 0.211491
0.592558 0.222708
0.622063 0.237575
0.649249 0.256261
0.673216 0.278722
0.693302 0.304652
0.709111 0.333446
0.720497 0.364212
0.727540 0.395837
0.730522 0.427102
0.729898 0.456829
0.726264 0.484017
0.720327 0.507937
0.712861 0.528161
0.704659 0.544546
0.696474 0.557173
0.688971 0.566272
0.682687 0.572147
0.678011 0.575109
0.675169 0.575427
0.674236 0.573295
0.675141 0.568817
0.677685 0.562004
0.681555 0.552799
0.686341 0.541099
0.691548 0.526801
0.696623 0.509845
0.700975 0.490269
0.704003 0.468249
0.705132 0.444133
0.703838 0.418444
0.699678 0.391860
0.692317 0.365160
0.681550 0.339149
0.667324 0.314577
0.649750 0.292073
0.616400 0.264411
0.593379 0.249468
0.568638 0.237053
0.542760 0.227113
0.516384 0.219511
0.490162 0.214048
0.464719 0.210476
0.440613 0.208508
0.418312 0.207833
0.398183 0.208126
0.380495 0.209059
0.365429 0.210310
0.353100 0.211577
0.343578 0.212592
0.336906 0.213134
0.333122 0.213039
0.332269 0.212212
0.334405 0.210638
0.339602 0.208379
0.347945 0.205580
0.359514 0.202459
0.374368 0.199301
0.392511 0.196447
0.413861 0.194277
0.438208 0.193196
0.465183 0.193622
0.494238 0.195967
0.524655 0.200630
0.555575 0.207974
0.586068 0.218313
0.615207 0.231884
0.642147 0.248820
0.666185 0.269114
0.686796 0.292580
0.703643 0.318830
0.716564 0.347263
0.725557 0.377090
0.730760 0.407388
0.732430 0.437186
0.730934 0.465568
0.726732 0.491753
0.720359 0.515161
0.712408 0.535434
0.703496 0.552428
0.694237 0.566177
0.685206 0.576847
0.676907 0.584690
0.669756 0.589997
0.664064 0.593056
0.660034 0.594126
0.657768 0.593409
0.657273 0.591040
0.658473 0.587082
0.661216 0.581528
0.665285 0.574309
0.670399 0.565315
0.676227 0.554411
0.682386 0.541465
0.688460 0.526380
0.694007 0.509118
0.698572 0.489735
0.701711 0.468401
0.703003 0.445415
0.702067 0.421198
0.698582 0.396280
0.692294 0.371259
0.683033 0.346753
0.670725 0.323354
0.655399 0.301578
0.637202 0.281835
0.602318 0.256995
0.578976 0.243872
0.554109 0.233066
0.528216 0.224521
0.501839 0.218126
0.475526 0.213721
0.449800 0.211112
0.425133 0.210076
0.401924 0.210367
0.380484 0.211724
0.361044 0.213872
0.343754 0.216532
0.328699 0.219425
0.315918 0.222281
0.305415 0.224846
0.297178 0.226893
0.291193 0.228231
0.287453 0.228713
0.285967 0.228245
0.286769 0.226792
0.289915 0.224379
0.295486 0.221097
0.303583 0.217097
0.314320 0.212586
0.327805 0.207821
0.344128 0.203099
0.363331 0.198745
0.385381 0.195105
0.410137 0.192531
0.437325 0.191376
0.466518 0.191986
0.497133 0.194689
0.528460 0.199792
0.559699 0.207570
0.590028 0.218250
0.618663 0.231999
0.644920 0.248892
0.668249 0.268896
0.688251 0.291832
0.704677 0.317361
0.717417 0.344971
0.726478 0.373996
0.731970 0.403651
0.734093 0.433098
0.733128 0.461519
0.729425 0.488188
0.723404 0.512526
0.715536 0.534132
0.706333 0.552785
0.696324 0.568431
0.686033 0.581151
0.675955 0.591127
0.666529 0.598608
0.658127 0.603870
0.651037 0.607199
0.645468 0.608855
0.641546 0.609065
0.639324 0.608002
0.638793 0.605781
0.639887 0.602459
0.642491 0.598030
0.646447 0.592439
0.651559 0.585583
0.657589 0.577329
0.664265 0.567529
0.671281 0.556035
0.678303 0.542721
0.684974 0.527502
0.690924 0.510358
0.695784 0.491353
0.699191 0.470643
0.700808 0.448492
0.700329 0.425261
0.697490 0.401395
0.692080 0.377394
0.683949 0.353782
0.673010 0.331062
0.659257 0.309692
0.642764 0.290049
0.623698 0.272420
0.586808 0.249990
0.563634 0.238827
0.539189 0.229722
0.513888 0.222624
0.488176 0.217444
0.462497 0.214063
0.437277 0.212339
0.412902 0.212106
0.389699 0.213185
0.367932 0.215380
0.347795 0.218484
0.329421 0.222278
0.312882 0.226538
0.298206 0.231034
0.285387 0.235537
0.274393 0.239823
0.265182 0.243681
0.257705 0.246916
0.251919 0.249357
0.247792 0.250863
0.245306 0.251330
0.244464 0.250693
0.245289 0.248933
0.247831 0.246077
0.252159 0.242199
0.258365 0.237419
0.266562 0.231901
0.276873 0.225848
0.289424 0.219493
0.304336 0.213097
0.321704 0.206937
0.341580 0.201300
0.363949 0.196476
0.388708 0.192752
0.415641 0.190407
0.444408 0.189711
0.474542 0.190920
0.505463 0.194271
0.536510 0.199984
0.566988 0.208249
0.596212 0.219220
0.623562 0.233000
0.648512 0.249622
0.670653 0.269035
0.689697 0.291077
0.705469 0.315462
0.717894 0.341772
0.726984 0.369470
0.732822 0.397918
0.735554 0.426423
0.735384 0.454290
0.732566 0.480873
0.727406 0.505625
0.720255 0.528124
0.711505 0.548092
0.701576 0.565388
0.690903 0.579994
0.679922 0.591995
0.669046 0.601554
0.658654 0.608886
0.649076 0.614236
0.640579 0.617860
0.633370 0.620006
0.627593 0.620903
0.623336 0.620746
0.620632 0.619694
0.619475 0.617858
0.619819 0.615304
0.621592 0.612052
0.624691 0.608078
0.628992 0.603318
0.634346 0.597674
0.640582 0.591025
0.647505 0.583230
0.654894 0.574146
0.662507 0.563631
0.670081 0.551567
0.677336 0.537864
0.683982 0.522481
0.689725 0.505437
0.694277 0.486818
0.697361 0.466791
0.698721 0.445599
0.698125 0.423556
0.695375 0.401036
0.690311 0.378449
0.682814 0.356221
0.672813 0.334761
0.660291 0.314445
0.645290 0.295591
0.627914 0.278454
0.608339 0.263216
0.569823 0.243542
0.546718 0.234173
0.522580 0.226663
0.497770 0.220966
0.472665 0.217009
0.447640 0.214698
0.423049 0.213924
0.399213 0.214563
0.376405 0.216479
0.354846 0.219524
0.334701 0.223538
0.316080 0.228352
0.299049 0.233790
0.283627 0.239664
0.269806 0.245782
0.257550 0.251948
0.246808 0.257966
0.237520 0.263645
0.229622 0.268798
0.223053 0.273255
0.217758 0.276861
0.213694 0.279481
0.210828 0.281009
0.209145 0.281364
0.208647 0.280502
0.209354 0.278410
0.211305 0.275113
0.214560 0.270673
0.219197 0.265189
0.225312 0.258794
0.233019 0.251653
0.242441 0.243960
0.253711 0.235932
0.266963 0.227801
0.282318 0.219812
0.299877 0.212215
0.319702 0.205256
0.341800 0.199180
0.366102 0.194222
0.392448 0.190608
0.420572 0.188551
0.450098 0.188253
0.480549 0.189906
0.511370 0.193684
0.541956 0.199747
0.571696 0.208234
0.600013 0.219253
0.626395 0.232871
0.650421 0.249102
0.671770 0.267890
0.690219 0.289093
0.705635 0.312469
0.717964 0.337673
0.727216 0.364259
0.733457 0.391695
0.736797 0.419393
0.737389 0.446749
0.735424 0.473183
0.731131 0.498177
0.724780 0.521307
0.716671 0.542257
0.707140 0.560830
0.696545 0.576933
0.685258 0.590574
0.673651 0.601836
0.662084 0.610868
0.650889 0.617860
0.640362 0.623028
0.630751 0.626605
0.622254 0.628820
0.615020 0.629893
0.609145 0.630025
0.604686 0.629390
0.601659 0.628129
0.600053 0.626350
0.599829 0.624122
0.600930 0.621479
0.603285 0.618417
0.606807 0.614902
0.611396 0.610866
0.616939 0.606220
0.623310 0.600849
0.630365 0.594628
0.637943 0.587421
0.645865 0.579093
0.653934 0.569514
0.661938 0.558573
0.669650 0.546182
0.676834 0.532290
0.683251 0.516891
0.688660 0.500031
0.692832 0.481815
0.695546 0.462411
0.696601 0.442046
0.695816 0.421002
0.693037 0.399602
0.688137 0.378194
0.681022 0.357136
0.671633 0.336771
0.659953 0.317416
0.646005 0.299344
0.629865 0.282778
0.611658 0.267888
0.591566 0.254787
0.551345 0.237799
0.528288 0.230112
0.504429 0.224125
0.480086 0.219796
0.455589 0.217062
0.431257 0.215850
0.407390 0.216072
0.384258 0.217634
0.362088 0.220430
0.341063 0.224347
0.321319 0.229260
0.302950 0.235040
0.286006 0.241545
0.270505 0.248625
0.256433 0.256123
0.243756 0.263875
0.232423 0.271710
0.222372 0.279456
0.213536 0.286940
0.205845 0.293992
0.199230 0.300448
0.193629 0.306153
0.188985 0.310967
0.185250 0.314763
0.182388 0.317435
0.180374 0.318898
0.179195 0.319092
0.178856 0.317980
0.179371 0.315555
0.180775 0.311838
0.183115 0.306879
0.186455 0.300758
0.190874 0.293585
0.196466 0.285497
0.203340 0.276656
0.211614 0.267247
0.221417 0.257470
0.232883 0.247541
0.246144 0.237682
0.261323 0.228116
0.278524 0.219064
0.297820 0.210741
0.319239 0.203354
0.342746 0.197097
0.368229 0.192154
0.395489 0.188697
0.424230 0.186889
0.454062 0.186883
0.484517 0.188820
0.515068 0.192833
0.545166 0.199044
0.574268 0.207556
0.601873 0.218447
0.627549 0.231767
0.650942 0.247519
0.671788 0.265650
0.689905 0.286038
0.705185 0.308482
0.717585 0.332690
0.727112 0.358289
0.733818 0.384828
0.737789 0.411799
0.739142 0.438672
0.738024 0.464919
0.734613 0.490052
0.729114 0.513651
0.721765 0.535380
0.712834 0.554998
0.702611 0.572359
0.691413 0.587407
0.679563 0.600161
0.667392 0.610705
0.655218 0.619173
0.643339 0.625735
0.632026 0.630588
0.621510 0.633938
0.611979 0.635999
0.603578 0.636978
0.596412 0.637071
0.590543 0.636457
0.586001 0.635289
0.582790 0.633699
0.580887 0.631785
0.580256 0.629619
0.580848 0.627240
0.582601 0.624660
0.585452 0.621862
0.589327 0.618803
0.594147 0.615416
0.599826 0.611618
0.606269 0.607304
0.613371 0.602360
0.621012 0.596663
0.629060 0.590085
0.637367 0.582503
0.645770 0.573797
0.654092 0.563865
0.662146 0.552623
0.669735 0.540016
0.676657 0.526025
0.682710 0.510669
0.687696 0.494018
0.691425 0.476187
0.693719 0.457346
0.694414 0.437708
0.693366 0.417529
0.690451 0.397096
0.685568 0.376711
0.678641 0.356681
0.669622 0.337301
0.658496 0.318843
0.645281 0.301543
0.630032 0.285598
0.612850 0.271161
0.593876 0.258341
0.573297 0.247210
0.531386 0.232914
0.508599 0.226871
0.485239 0.222373
0.461587 0.219379
0.437923 0.217841
0.414518 0.217698
0.391622 0.218885
0.369455 0.221327
0.348203 0.224946
0.328014 0.229654
0.308999 0.235358
0.291232 0.241957
0.274753 0.249344
0.259576 0.257401
0.245686 0.266004
0.233053 0.275020
0.221631 0.284309
0.211363 0.293726
0.202185 0.303120
0.194030 0.312340
0.186829 0.321234
0.180515 0.329651
0.175025 0.337448
0.170298 0.344488
0.166282 0.350644
0.162929 0.355800
0.160201 0.359856
0.158068 0.362725
0.156511 0.364337
0.155519 0.364642
0.155093 0.363607
0.155244 0.361221
0.155996 0.357492
0.157383 0.352453
0.159452 0.346158
0.162262 0.338687
0.165885 0.330143
0.170402 0.320649
0.175907 0.310354
0.182507 0.299423
0.190313 0.288037
0.199449 0.276389
0.210040 0.264681
0.222213 0.253115
0.236090 0.241892
0.251782 0.231209
0.269380 0.221252
0.288942 0.212198
0.310485 0.204209
0.333967 0.197440
0.359279 0.192030
0.386233 0.188111
0.414560 0.185805
0.443907 0.185229
0.473857 0.186491
0.503939 0.189693
0.533663 0.194932
0.562540 0.202290
0.590117 0.211838
0.615994 0.223622
0.639838 0.237662
0.661392 0.253933
0.680472 0.272365
0.696959 0.292823
0.710791 0.315105
0.721954 0.338938
0.730468 0.363977
0.736389 0.389817
0.739793 0.416010
0.740781 0.442088
0.739477 0.467587
0.736026 0.492077
0.730596 0.515182
0.723383 0.536595
0.714605 0.556087
0.704506 0.573508
0.693350 0.588783
0.681416 0.601906
0.668992 0.612926
0.656366 0.621940
0.643816 0.629081
0.631600 0.634510
0.619950 0.638402
0.609067 0.640947
0.599114 0.642336
0.590216 0.642757
0.582464 0.642390
0.575912 0.641402
0.570589 0.639943
0.566495 0.638144
0.563615 0.636111
0.561917 0.633931
0.561358 0.631662
0.561890 0.629339
0.563459 0.626976
0.566011 0.624562
0.569488 0.622065
0.573832 0.619436
0.578981 0.616606
0.584870 0.613495
0.591429 0.610008
0.598578 0.606042
0.606231 0.601485
0.614289 0.596224
0.622640 0.590144
0.631162 0.583135
0.639718 0.575094
0.648160 0.565931
0.656330 0.555573
0.664065 0.543971
0.671194 0.531102
0.677547 0.516977
0.682956 0.501644
0.687259 0.485190
0.690301 0.467743
0.691941 0.449470
0.692047 0.430575
0.690508 0.411290
0.687225 0.391867
0.682121 0.372570
0.675137 0.353659
0.666239 0.335384
0.655416 0.317974
0.642687 0.301627
0.628099 0.286513
0.611734 0.272764
0.593709 0.260477
0.574177 0.249719
0.553329 0.240527
0.510003 0.229046
0.487695 0.224586
0.465033 0.221521
0.442260 0.219819
0.419614 0.219437
0.397317 0.220330
0.375573 0.222446
0.354560 0.225730
0.334425 0.230122
0.315285 0.235556
0.297227 0.241962
0.280307 0.249264
0.264556 0.257381
0.249982 0.266221
0.236573 0.275688
0.224301 0.285678
0.213125 0.296079
0.202997 0.306772
0.193859 0.317632
0.185652 0.328530
0.178314 0.339334
0.171780 0.349911
0.165990 0.360128
0.160882 0.369857
0.156401 0.378970
0.152492 0.387351
0.149108 0.394888
0.146205 0.401480
0.143746 0.407035
0.141699 0.411472
0.140040 0.414723
0.138751 0.416730
0.137823 0.417448
0.137252 0.416845
0.137046 0.414903
0.137218 0.411619
0.137791 0.407003
0.138796 0.401083
0.140275 0.393907
0.142276 0.385536
0.144859 0.376055
0.148089 0.365567
0.152045 0.354194
0.156811 0.342075
0.162480 0.329366
0.169155 0.316236
0.176943 0.302865
0.185957 0.289437
0.196315 0.276138
0.208132 0.263151
0.221522 0.250654
0.236586 0.238815
0.253412 0.227791
0.272060 0.217726
0.292556 0.208752
0.314882 0.200989
0.338963 0.194547
0.364660 0.189527
0.391763 0.186021
0.419993 0.184117
0.449006 0.183898
0.478406 0.185445
0.507764 0.188834
0.536641 0.194135
0.564612 0.201412
0.591285 0.210717
0.616320 0.222087
0.639437 0.235532
0.660418 0.251034
0.679109 0.268534
0.695408 0.287924
0.709262 0.309041
0.720656 0.331664
0.729605 0.355512
0.736148 0.380248
0.740344 0.405496
0.742270 0.430850
0.742019 0.455901
0.739699 0.480253
0.735437 0.503542
0.729381 0.525458
0.721696 0.545748
0.712571 0.564225
0.702215 0.580767
0.690856 0.595315
0.678736 0.607862
0.666107 0.618449
0.653223 0.627157
0.640332 0.634095
0.627670 0.639400
0.615452 0.643222
0.603868 0.645725
0.593080 0.647078
0.583215 0.647451
0.574370 0.647011
0.566613 0.645919
0.559980 0.644324
0.554488 0.642361
0.550129 0.640151
0.546884 0.637796
0.544719 0.635379
0.543592 0.632965
0.543459 0.630597
0.544272 0.628301
0.545982 0.626082
0.548541 0.623929
0.551904 0.621815
0.556024 0.619697
0.560856 0.617520
0.566355 0.615216
0.572472 0.612706
0.579156 0.609904
0.586348 0.606717
0.593984 0.603047
0.601990 0.598792
0.610283 0.593851
0.618766 0.588125
0.627336 0.581520
0.635876 0.573949
0.644261 0.565338
0.652358 0.555627
0.660026 0.544777
0.667124 0.532770
0.673507 0.519615
0.679034 0.505350
0.683566 0.490046
0.686973 0.473806
0.689132 0.456765
0.689929 0.439088
0.689265 0.420967
0.687052 0.402609
0.683215 0.384239
0.677697 0.366080
0.670457 0.348353
0.661471 0.331266
0.650737 0.315009
0.638276 0.299746
0.624133 0.285616
0.608379 0.272729
0.591115 0.261170
0.572473 0.250996
0.552612 0.242243
0.531719 0.234927
0.487300 0.226354
0.465531 0.223388
0.443609 0.221694
0.421744 0.221245
0.400135 0.222006
0.378966 0.223941
0.358403 0.227010
0.338584 0.231169
0.319627 0.236373
0.301619 0.242572
0.284627 0.249712
0.268691 0.257734
0.253831 0.266574
0.240050 0.276162
0.227334 0.286420
0.215656 0.297265
0.204981 0.308606
0.195265 0.320345
0.186459 0.332377
0.178509 0.344594
0.171359 0.356880
0.164953 0.369120
0.159235 0.381196
0.154148 0.392988
0.149639 0.404383
0.145654 0.415267
0.142145 0.425534
0.139064 0.435083
0.136369 0.443821
0.134021 0.451662
0.131984 0.458529
0.130228 0.464353
0.128728 0.469072
0.127462 0.472634
0.126417 0.474993
0.125581 0.476112
0.124952 0.475963
0.124533 0.474523
0.124331 0.471782
0.124362 0.467735
0.124648 0.462390
0.125216 0.455765
0.126102 0.447893
0.127346 0.438820
0.128999 0.428608
0.131114 0.417334
0.133753 0.405095
0.136987 0.392004
0.140890 0.378190
0.145544 0.363800
0.151040 0.348991
0.157472 0.333930
0.164939 0.318790
0.173547 0.303748
0.183402 0.288977
0.194610 0.274643
0.207277 0.260905
0.221497 0.247911
0.237355 0.235794
0.254915 0.224675
0.274214 0.214663
0.295253 0.205853
0.317988 0.198332
0.342324 0.192177
0.368104 0.187459
0.395113 0.184243
0.423072 0.182593
0.451652 0.182570
0.480484 0.184234
0.509176 0.187641
0.537332 0.192848
0.564576 0.199903
0.590561 0.208848
0.614989 0.219712
0.637615 0.232505
0.658248 0.247212
0.676752 0.263788
0.693035 0.282148
0.707049 0.302162
0.718776 0.323650
0.728224 0.346381
0.735423 0.370078
0.740419 0.394421
0.743269 0.419059
0.744045 0.443628
0.742830 0.467766
0.739721 0.491129
0.734829 0.513406
0.728282 0.534333
0.720225 0.553697
0.710823 0.571340
0.700258 0.587161
0.688730 0.601107
0.676453 0.613173
0.663652 0.623393
0.650553 0.631832
0.637382 0.638584
0.624357 0.643764
0.611680 0.647502
0.599533 0.649941
0.588073 0.651231
0.577430 0.651524
0.567707 0.650975
0.558979 0.649734
0.551292 0.647944
0.544672 0.645741
0.539124 0.643250
0.534635 0.640582
0.531178 0.637833
0.528720 0.635085
0.527219 0.632403
0.526628 0.629833
0.526902 0.627410
0.527995 0.625150
0.529861 0.623054
0.532460 0.621110
0.535753 0.619293
0.539702 0.617565
0.544274 0.615880
0.549435 0.614179
0.555153 0.612396
0.561393 0.610459
0.568116 0.608288
0.575281 0.605799
0.582841 0.602905
0.590739 0.599515
0.598911 0.595540
0.607286 0.590890
0.615780 0.585480
0.624301 0.579229
0.632749 0.572065
0.641014 0.563926
0.648981 0.554763
0.656530 0.544545
0.663537 0.533257
0.669880 0.520908
0.675434 0.507533
0.680081 0.493189
0.683707 0.477964
0.686204 0.461970
0.687474 0.445346
0.687426 0.428250
0.685982 0.410861
0.683073 0.393369
0.678642 0.375970
0.672648 0.358858
0.665061 0.342222
0.655870 0.326236
0.645077 0.311058
0.632709 0.296825
0.618808 0.283653
0.603443 0.271634
0.586706 0.260837
0.568713 0.251314
0.549603 0.243094
0.529540 0.236194
0.508706 0.230617
0.463433 0.225005
0.442425 0.223469
0.421446 0.223090
0.400671 0.223842
0.380263 0.225700
0.360370 0.228634
0.341118 0.232613
0.322617 0.237605
0.304953 0.243574
0.288192 0.250482
0.272379 0.258287
0.257542 0.266944
0.243693 0.276403
0.230828 0.286609
0.218933 0.297500
0.207983 0.309008
0.197947 0.321060
0.188786 0.333576
0.180458 0.346468
0.172916 0.359644
0.166113 0.373007
0.160000 0.386456
0.154527 0.399887
0.149645 0.413198
0.145304 0.426282
0.141459 0.439039
0.138062 0.451371
0.135068 0.463183
0.132436 0.474387
0.130126 0.484902
0.128098 0.494653
0.126320 0.503572
0.124757 0.511597
0.123382 0.518674
0.122169 0.524755
0.121096 0.529797
0.120146 0.533763
0.119303 0.536620
0.118560 0.538338
0.117909 0.538894
0.117352 0.538265
0.116891 0.536436
0.116535 0.533391
0.116299 0.529125
0.116200 0.523633
0.116262 0.516921
0.116514 0.509001
0.116988 0.499895
0.117725 0.489637
0.118766 0.478275
0.120161 0.465871
0.121964 0.452500
0.124232 0.438259
0.127031 0.423256
0.130429 0.407619
0.134501 0.391486
0.139326 0.375011
0.144988 0.358354
0.151575 0.341680
0.159181 0.325154
0.167899 0.308940
0.177827 0.293194
0.189060 0.278063
0.201689 0.263680
0.215797 0.250167
0.231458 0.237631
0.248724 0.226166
0.267626 0.215854
0.288161 0.206765
0.310288 0.198961
0.333921 0.192497
0.358922 0.187422
0.385100 0.183783
0.412214 0.181625
0.439974 0.180991
0.468055 0.181927
0.496109 0.184476
0.523780 0.188681
0.550724 0.194584
0.576621 0.202221
0.601187 0.211622
0.624182 0.222803
0.645415 0.235766
0.664739 0.250490
0.682053 0.266926
0.697293 0.284992
0.710424 0.304567
0.721440 0.325488
0.730352 0.347550
0.737189 0.370505
0.741990 0.394072
0.744803 0.417943
0.745688 0.441796
0.744713 0.465309
0.741955 0.488170
0.737503 0.510097
0.731459 0.530840
0.723942 0.550192
0.715084 0.567996
0.705034 0.584135
0.693959 0.598541
0.682039 0.611187
0.669466 0.622078
0.656442 0.631253
0.643171 0.638778
0.629856 0.644736
0.616691 0.649232
0.603859 0.652380
0.591524 0.654307
0.579831 0.655145
0.568900 0.655031
0.558826 0.654103
0.549680 0.652498
0.541511 0.650347
0.534344 0.647780
0.528187 0.644913
0.523031 0.641858
0.518854 0.638712
0.515623 0.635560
0.513302 0.632475
0.511844 0.629516
0.511206 0.626729
0.511342 0.624144
0.512205 0.621782
0.513756 0.619648
0.515953 0.617737
0.518762 0.616033
0.522152 0.614510
0.526093 0.613133
0.530559 0.611858
0.535528 0.610634
0.540976 0.609406
0.546881 0.608109
0.553218 0.606676
0.559961 0.605035
0.567079 0.603111
0.574537 0.600826
0.582292 0.598101
0.590294 0.594858
0.598487 0.591017
0.606804 0.586502
0.615173 0.581243
0.623511 0.575173
0.631729 0.568233
0.639732 0.560375
0.647417 0.551562
0.654682 0.541771
0.661419 0.530995
0.667522 0.519248
0.672886 0.506562
0.677407 0.492990
0.680988 0.478609
0.683537 0.463517
0.684967 0.447832
0.685200 0.431692
0.684166 0.415249
0.681806 0.398665
0.678066 0.382111
0.672909 0.365755
0.666303 0.349763
0.658233 0.334294
0.648695 0.319490
0.637703 0.305482
0.625285 0.292379
0.611486 0.280275
0.596375 0.269243
0.580035 0.259341
0.562573 0.250608
0.544115 0.243071
0.524806 0.236743
0.504806 0.231627
0.484288 0.227719
0.438612 0.225169
0.418464 0.224994
0.398503 0.225877
0.378872 0.227799
0.359703 0.230738
0.341109 0.234671
0.323190 0.239573
0.306025 0.245419
0.289676 0.252180
0.274189 0.259828
0.259595 0.268328
0.245907 0.277645
0.233131 0.287738
0.221259 0.298561
0.210273 0.310064
0.200151 0.322190
0.190864 0.334877
0.182376 0.348058
0.174652 0.361656
0.167651 0.375594
0.161332 0.389785
0.155653 0.404141
0.150570 0.418571
0.146042 0.432980
0.142025 0.447277
0.138477 0.461367
0.135358 0.475161
0.132626 0.488573
0.130244 0.501522
0.128172 0.513930
0.126375 0.525730
0.124818 0.536856
0.123467 0.547254
0.122292 0.556872
0.121262 0.565666
0.120353 0.573599
0.119538 0.580636
0.118796 0.586748
0.118108 0.591909
0.117458 0.596096
0.116833 0.599288
0.116223 0.601465
0.115623 0.602610
0.115029 0.602705
0.114443 0.601733
0.113869 0.599677
0.113316 0.596524
0.112797 0.592259
0.112328 0.586871
0.111930 0.580350
0.111625 0.572694
0.111443 0.563903
0.111414 0.553986
0.111574 0.542962
0.111961 0.530859
0.112620 0.517718
0.113595 0.503597
0.114938 0.488566
0.116703 0.472715
0.118947 0.456147
0.121732 0.438983
0.125126 0.421358
0.129197 0.403418
0.134020 0.385318
0.139673 0.367219
0.146237 0.349282
0.153795 0.331664
0.162435 0.314516
0.172242 0.297979
0.183302 0.282182
0.195695 0.267240
0.209498 0.253252
0.224772 0.240306
0.241566 0.228474
0.259905 0.217817
0.279790 0.208387
0.301184 0.200228
0.324014 0.193378
0.348162 0.187870
0.373464 0.183735
0.399711 0.181006
0.426650 0.179712
0.453995 0.179885
0.481436 0.181559
0.508653 0.184768
0.535328 0.189546
0.561162 0.195923
0.585880 0.203929
0.609248 0.213584
0.631069 0.224900
0.651188 0.237872
0.669491 0.252477
0.685899 0.268668
0.700363 0.286366
0.712860 0.305463
0.723388 0.325811
0.731960 0.347228
0.738600 0.369494
0.743343 0.392361
0.746229 0.415555
0.747308 0.438787
0.746636 0.461769
0.744274 0.484216
0.740295 0.505865
0.734781 0.526481
0.727828 0.545863
0.719542 0.563848
0.710048 0.580314
0.699482 0.595177
0.687998 0.608391
0.675759 0.619941
0.662943 0.629844
0.649732 0.638138
0.636312 0.644884
0.622869 0.650161
0.609580 0.654061
0.596612 0.656688
0.584117 0.658154
0.572229 0.658577
0.561059 0.658081
0.550699 0.656790
0.541218 0.654829
0.532663 0.652322
0.525061 0.649387
0.518422 0.646137
0.512742 0.642680
0.508000 0.639112
0.504170 0.635521
0.501213 0.631984
0.499090 0.628566
0.497754 0.625321
0.497160 0.622291
0.497262 0.619507
0.498017 0.616988
0.499382 0.614743
0.501321 0.612770
0.503798 0.611060
0.506784 0.609594
0.510254 0.608345
0.514183 0.607280
0.518554 0.606360
0.523349 0.605538
0.528554 0.604765
0.534153 0.603986
0.540132 0.603141
0.546476 0.602170
0.553164 0.601006
0.560176 0.599583
0.567483 0.597831
0.575055 0.595681
0.582852 0.593062
0.590828 0.589906
0.598932 0.586145
0.607102 0.581714
0.615271 0.576554
0.623366 0.570611
0.631306 0.563836
0.639006 0.556193
0.646376 0.547653
0.653324 0.538203
0.659757 0.527841
0.665581 0.516583
0.670704 0.504462
0.675036 0.491528
0.678493 0.477850
0.680993 0.463516
0.682461 0.448631
0.682828 0.433315
0.682032 0.417700
0.680019 0.401929
0.676743 0.386150
0.672166 0.370513
0.666261 0.355166
0.659009 0.340248
0.650405 0.325893
0.640454 0.312219
0.629176 0.299330
0.616603 0.287317
0.602786 0.276254
0.587790 0.266201
0.571698 0.257201
0.554611 0.249287
0.536645 0.242481
0.517931 0.236791
0.498615 0.232222
0.478849 0.228768
0.458794 0.226422
0.413101 0.227023
0.393929 0.228152
0.375078 0.230257
0.356661 0.233322
0.338781 0.237327
0.321524 0.242255
0.304961 0.248085
0.289150 0.254798
0.274133 0.262370
0.259939 0.270778
0.246584 0.279992
0.234074 0.289984
0.222406 0.300718
0.211569 0.312155
0.201544 0.324253
0.192309 0.336961
0.183837 0.350225
0.176096 0.363985
0.169054 0.378175
0.162676 0.392724
0.156927 0.407556
0.151771 0.422591
0.147169 0.437747
0.143087 0.452939
0.139486 0.468081
0.136330 0.483090
0.133584 0.497883
0.131212 0.512380
0.129180 0.526506
0.127452 0.540191
0.125997 0.553370
0.124782 0.565987
0.123774 0.577989
0.122945 0.589330
0.122264 0.599973
0.121703 0.609884
0.121237 0.619034
0.120839 0.627401
0.120487 0.634965
0.120160 0.641710
0.119837 0.647622
0.119503 0.652688
0.119141 0.656899
0.118740 0.660242
0.118290 0.662709
0.117785 0.664286
0.117220 0.664963
0.116595 0.664725
0.115913 0.663559
0.115178 0.661449
0.114399 0.658377
0.113588 0.654326
0.112759 0.649277
0.111931 0.643213
0.111125 0.636116
0.110364 0.627972
0.109676 0.618771
0.109089 0.608506
0.108637 0.597179
0.108354 0.584798
0.108278 0.571385
0.108451 0.556972
0.108914 0.541607
0.109715 0.525352
0.110902 0.508287
0.112527 0.490509
0.114646 0.472131
0.117315 0.453281
0.120598 0.434100
0.124558 0.414740
0.129264 0.395357
0.134786 0.376111
0.141198 0.357157
0.148576 0.338647
0.156999 0.320721
0.166543 0.303507
0.177286 0.287120
0.189300 0.271660
0.202653 0.257210
0.217402 0.243841
0.233591 0.231610
0.251245 0.220563
0.270368 0.210737
0.290932 0.202163
0.312878 0.194864
0.336108 0.188862
0.360483 0.184177
0.385825 0.180829
0.411916 0.178838
0.438506 0.178227
0.465320 0.179019
0.492068 0.181241
0.518458 0.184918
0.544208 0.190079
0.569056 0.196748
0.592766 0.204949
0.615139 0.214698
0.636010 0.226001
0.655252 0.238853
0.672770 0.253231
0.688501 0.269089
0.702407 0.286359
0.714470 0.304941
0.724691 0.324706
0.733081 0.345490
0.739661 0.367101
0.744463 0.389316
0.747519 0.411891
0.748870 0.434569
0.748562 0.457085
0.746646 0.479178
0.743180 0.500604
0.738231 0.521137
0.731874 0.540580
0.724199 0.558770
0.715305 0.575576
0.705306 0.590903
0.694331 0.604688
0.682519 0.616900
0.670025 0.627533
0.657010 0.636608
0.643643 0.644162
0.630097 0.650254
0.616541 0.654954
0.603141 0.658345
0.590051 0.660522
0.577414 0.661584
0.565354 0.661639
0.553978 0.660797
0.543375 0.659174
0.533610 0.656882
0.524731 0.654038
0.516768 0.650752
0.509733 0.647132
0.503624 0.643281
0.498425 0.639295
0.494112 0.635262
0.490650 0.631260
0.488000 0.627360
0.486119 0.623621
0.484961 0.620092
0.484480 0.616812
0.484629 0.613810
0.485366 0.611105
0.486649 0.608707
0.488442 0.606617
0.490709 0.604829
0.493423 0.603329
0.496558 0.602096
0.500092 0.601104
0.504007 0.600322
0.508290 0.599712
0.512928 0.599233
0.517913 0.598841
0.523234 0.598487
0.528884 0.598119
0.534855 0.597684
0.541136 0.597124
0.547714 0.596380
0.554574 0.595394
0.561695 0.594102
0.569053 0.592443
0.576617 0.590355
0.584350 0.587776
0.592210 0.584646
0.600146 0.580907
0.608103 0.576505
0.616018 0.571390
0.623823 0.565518
0.631445 0.558850
0.638808 0.551358
0.645830 0.543023
0.652430 0.533836
0.658524 0.523801
0.664029 0.512938
0.668865 0.501279
0.672952 0.488873
0.676214 0.475784
0.678580 0.462092
0.679983 0.447892
0.680363 0.433290
0.679665 0.418406
0.677839 0.403364
0.674844 0.388298
0.670647 0.373340
0.665220 0.358622
0.658547 0.344271
0.650619 0.330406
0.641440 0.317136
0.631022 0.304561
0.619391 0.292765
0.606587 0.281820
0.592661 0.271785
0.577683 0.262706
0.561733 0.254620
0.544908 0.247551
0.527319 0.241513
0.509087 0.236515
0.490345 0.232559
0.471231 0.229641
0.451891 0.227753
0.432467 0.226885
0.692383 0.329125
