0.674416 0.310595
0.659969 0.290430
0.660458 0.288772
0.676037 0.307020
0.691475 0.333710
0.696211 0.347411
0.689705 0.336338
0.668230 0.304818
0.647130 0.279476
0.632344 0.264618
0.631332 0.261720
0.645281 0.271371
0.667785 0.293519
0.689019 0.324677
0.702339 0.356025
0.707153 0.376633
0.705938 0.379371
0.699721 0.363843
0.687224 0.335850
0.661267 0.298617
0.638006 0.273466
0.616107 0.255255
0.600738 0.244207
0.595990 0.239877
0.603502 0.242178
0.621816 0.251798
0.646599 0.269702
0.671989 0.295890
0.692767 0.328093
0.706195 0.361477
0.712489 0.389990
0.713815 0.408524
0.712553 0.414281
0.709803 0.406833
0.704877 0.387705
0.695943 0.360150
0.681394 0.328799
0.653450 0.292076
0.629644 0.268701
0.605118 0.250514
0.582984 0.237460
0.566288 0.228931
0.557454 0.224212
0.557919 0.222881
0.567933 0.225055
0.586436 0.231421
0.611066 0.243008
0.638449 0.260749
0.664865 0.284914
0.687128 0.314576
0.703293 0.347398
0.712941 0.379966
0.717005 0.408635
0.717257 0.430444
0.715646 0.443607
0.713655 0.447448
0.711883 0.442072
0.709935 0.428124
0.706616 0.406782
0.700352 0.379884
0.689723 0.349930
0.673984 0.319779
0.644696 0.285284
0.620950 0.264151
0.595705 0.247152
0.570881 0.234194
0.548490 0.224814
0.530374 0.218358
0.518026 0.214164
0.512494 0.211725
0.514354 0.210819
0.523689 0.211579
0.540029 0.214493
0.562285 0.220326
0.588735 0.229976
0.617136 0.244272
0.645021 0.263727
0.670099 0.288291
0.690630 0.317157
0.705655 0.348712
0.715046 0.380735
0.719407 0.410801
0.719888 0.436765
0.717918 0.457093
0.714925 0.470953
0.712071 0.478085
0.710065 0.478578
0.709064 0.472686
0.708691 0.460754
0.708127 0.443259
0.706272 0.420930
0.701942 0.394862
0.694081 0.366540
0.681966 0.337711
0.665375 0.310133
0.634921 0.278342
0.610867 0.259115
0.585052 0.243468
0.558830 0.231301
0.533646 0.222259
0.510884 0.215821
0.491753 0.211394
0.477218 0.208395
0.467988 0.206333
0.464543 0.204881
0.467151 0.203923
0.475874 0.203589
0.490531 0.204245
0.510636 0.206463
0.535319 0.210958
0.563304 0.218500
0.592954 0.229815
0.622437 0.245458
0.649954 0.265687
0.673980 0.290326
0.693438 0.318676
0.707782 0.349503
0.716987 0.381155
0.721495 0.411808
0.722112 0.439759
0.719893 0.463678
0.715999 0.482723
0.711552 0.496520
0.707499 0.505045
0.704505 0.508466
0.702902 0.507015
0.702672 0.500901
0.703471 0.490299
0.704688 0.475389
0.705514 0.456444
0.705033 0.433925
0.702323 0.408554
0.696559 0.381336
0.687109 0.353485
0.673624 0.326288
0.656099 0.300929
0.624040 0.271357
0.599996 0.254202
0.574193 0.240160
0.547611 0.229137
0.521303 0.220874
0.496302 0.214990
0.473541 0.211029
0.453801 0.208499
0.437690 0.206916
0.425658 0.205840
0.418022 0.204922
0.415006 0.203927
0.416761 0.202767
0.423373 0.201517
0.434851 0.200411
0.451083 0.199829
0.471781 0.200274
0.496419 0.202334
0.524186 0.206633
0.553989 0.213787
0.584512 0.224343
0.614343 0.238720
0.642127 0.257133
0.666713 0.279519
0.687257 0.305471
0.703265 0.334212
0.714593 0.364625
0.721413 0.395367
0.724169 0.425038
0.723520 0.452369
0.720284 0.476374
0.715360 0.496417
0.709656 0.512207
0.704004 0.523727
0.699092 0.531137
0.695420 0.534679
0.693268 0.534590
0.692696 0.531059
0.693556 0.524198
0.695514 0.514062
0.698081 0.500681
0.700647 0.484117
0.702529 0.464532
0.703010 0.442248
0.701400 0.417783
0.697080 0.391855
0.689553 0.365341
0.678492 0.339189
0.663772 0.314316
0.645501 0.291511
0.611973 0.264444
0.587701 0.249148
0.561764 0.236656
0.534937 0.226879
0.508047 0.219617
0.481915 0.214577
0.457292 0.211408
0.434816 0.209713
0.414997 0.209081
0.398209 0.209100
0.384719 0.209383
0.374704 0.209591
0.368291 0.209456
0.365574 0.208797
0.366642 0.207542
0.371577 0.205731
0.380454 0.203525
0.393321 0.201193
0.410160 0.199101
0.430842 0.197693
0.455078 0.197466
0.482368 0.198941
0.511981 0.202641
0.542968 0.209057
0.574224 0.218623
0.604582 0.231673
0.632938 0.248401
0.658342 0.268809
0.680077 0.292662
0.697687 0.319452
0.710971 0.348398
0.719961 0.378491
0.724898 0.408594
0.726193 0.437564
0.724400 0.464391
0.720186 0.488289
0.714281 0.508750
0.707439 0.525538
0.700384 0.538641
0.693759 0.548212
0.688093 0.554490
0.683771 0.557743
0.681027 0.558214
0.679940 0.556087
0.680449 0.551472
0.682364 0.544406
0.685380 0.534864
0.689096 0.522796
0.693033 0.508157
0.696656 0.490959
0.699399 0.471310
0.700692 0.449458
0.699992 0.425804
0.696811 0.400905
0.690748 0.375442
0.681509 0.350164
0.668934 0.325818
0.653016 0.303078
0.633916 0.282492
0.598646 0.257724
0.574753 0.244524
0.549406 0.233761
0.523202 0.225361
0.496770 0.219177
0.470739 0.215003
0.445691 0.212588
0.422134 0.211649
0.400480 0.211877
0.381043 0.212949
0.364040 0.214540
0.349613 0.216329
0.337844 0.218018
0.328777 0.219341
0.322439 0.220077
0.318855 0.220065
0.318064 0.219211
0.320118 0.217500
0.325094 0.214996
0.333081 0.211842
0.344175 0.208258
0.358452 0.204527
0.375949 0.200990
0.396626 0.198023
0.420328 0.196029
0.446751 0.195420
0.475418 0.196604
0.505673 0.199971
0.536714 0.205880
0.567637 0.214641
0.597519 0.226497
0.625494 0.241595
0.650818 0.259959
0.672920 0.281454
0.691411 0.305764
0.706084 0.332371
0.716899 0.360578
0.723960 0.389543
0.727496 0.418354
0.727842 0.446119
0.725427 0.472046
0.720756 0.495511
0.714387 0.516091
0.706906 0.533566
0.698901 0.547894
0.690923 0.559174
0.683468 0.567599
0.676944 0.573413
0.671665 0.576870
0.667842 0.578204
0.665584 0.577605
0.664908 0.575208
0.665743 0.571082
0.667943 0.565234
0.671292 0.557623
0.675515 0.548167
0.680285 0.536774
0.685227 0.523358
0.689935 0.507874
0.693984 0.490343
0.696939 0.470875
0.698380 0.449693
0.697910 0.427131
0.695178 0.403634
0.689891 0.379729
0.681825 0.355991
0.670845 0.332994
0.656909 0.311270
0.640088 0.291272
0.620565 0.273346
0.583996 0.251327
0.559946 0.239861
0.534630 0.230628
0.508556 0.223556
0.482254 0.218527
0.456251 0.215378
0.431034 0.213915
0.407029 0.213917
0.384584 0.215140
0.363965 0.217325
0.345356 0.220201
0.328869 0.223491
0.314560 0.226916
0.302443 0.230209
0.292507 0.233118
0.284727 0.235417
0.279082 0.236918
0.275559 0.237474
0.274166 0.236993
0.274933 0.235439
0.277915 0.232839
0.283196 0.229284
0.290880 0.224924
0.301083 0.219966
0.313927 0.214667
0.329518 0.209323
0.347923 0.204257
0.369145 0.199814
0.393091 0.196343
0.419543 0.194193
0.448136 0.193704
0.478354 0.195197
0.509539 0.198974
0.540929 0.205302
0.571717 0.214407
0.601112 0.226460
0.628401 0.241552
0.652992 0.259676
0.674442 0.280700
0.692457 0.304346
0.706888 0.330177
0.717709 0.357607
0.725004 0.385927
0.728949 0.414358
0.729800 0.442112
0.727886 0.468464
0.723599 0.492808
0.717384 0.514692
0.709722 0.533834
0.701115 0.550111
0.692066 0.563542
0.683049 0.574250
0.674496 0.582431
0.666774 0.588327
0.660178 0.592186
0.654922 0.594251
0.651144 0.594731
0.648907 0.593792
0.648210 0.591550
0.648993 0.588065
0.651146 0.583344
0.654511 0.577346
0.658890 0.569991
0.664047 0.561174
0.669708 0.550778
0.675572 0.538693
0.681310 0.524835
0.686575 0.509168
0.691013 0.491718
0.694270 0.472594
0.696006 0.451996
0.695902 0.430217
0.693678 0.407635
0.689092 0.384692
0.681960 0.361869
0.672154 0.339653
0.659622 0.318500
0.644385 0.298810
0.626552 0.280908
0.606325 0.265031
0.567976 0.245386
0.544273 0.235767
0.519540 0.228130
0.494197 0.222414
0.468677 0.218525
0.443405 0.216345
0.418774 0.215729
0.395131 0.216516
0.372762 0.218527
0.351890 0.221570
0.332670 0.225439
0.315201 0.229916
0.299529 0.234780
0.285661 0.239801
0.273574 0.244753
0.263226 0.249413
0.254568 0.253571
0.247546 0.257034
0.242115 0.259632
0.238242 0.261228
0.235908 0.261716
0.235115 0.261035
0.235888 0.259165
0.238272 0.256132
0.242338 0.252011
0.248177 0.246921
0.255901 0.241025
0.265635 0.234524
0.277509 0.227653
0.291653 0.220670
0.308173 0.213853
0.327145 0.207487
0.348584 0.201861
0.372425 0.197260
0.398503 0.193960
0.426532 0.192226
0.456102 0.192306
0.486684 0.194434
0.517658 0.198820
0.548349 0.205652
0.578076 0.215082
0.606201 0.227217
0.632168 0.242107
0.655529 0.259722
0.675956 0.279940
0.693237 0.302528
0.707263 0.327132
0.718021 0.353280
0.725572 0.380403
0.730044 0.407863
0.731623 0.434998
0.730546 0.461176
0.727099 0.485836
0.721613 0.508525
0.714454 0.528917
0.706017 0.546815
0.696716 0.562148
0.686964 0.574947
0.677161 0.585326
0.667675 0.593459
0.658832 0.599555
0.650905 0.603844
0.644107 0.606553
0.638594 0.607892
0.634464 0.608050
0.631763 0.607176
0.630494 0.605381
0.630617 0.602735
0.632064 0.599263
0.634733 0.594950
0.638499 0.589744
0.643209 0.583566
0.648688 0.576311
0.654739 0.567863
0.661138 0.558103
0.667644 0.546922
0.673999 0.534234
0.679928 0.519987
0.685153 0.504178
0.689394 0.486863
0.692376 0.468166
0.693840 0.448282
0.693548 0.427475
0.691287 0.406068
0.686877 0.384429
0.680179 0.362952
0.671095 0.342029
0.659577 0.322030
0.645633 0.303285
0.629332 0.286069
0.610808 0.270593
0.590266 0.257004
0.550563 0.240040
0.527104 0.232118
0.502840 0.225984
0.478131 0.221587
0.453342 0.218851
0.428825 0.217684
0.404906 0.217977
0.381872 0.219607
0.359959 0.222440
0.339351 0.226330
0.320181 0.231119
0.302529 0.236640
0.286436 0.242716
0.271905 0.249162
0.258911 0.255785
0.247410 0.262392
0.237344 0.268787
0.228650 0.274780
0.221263 0.280188
0.215121 0.284843
0.210170 0.288590
0.206367 0.291298
0.203681 0.292862
0.202098 0.293204
0.201620 0.292279
0.202265 0.290074
0.204074 0.286616
0.207103 0.281963
0.211429 0.276213
0.217146 0.269499
0.224365 0.261983
0.233210 0.253858
0.243811 0.245339
0.256304 0.236659
0.270818 0.228062
0.287462 0.219797
0.306317 0.212111
0.327412 0.205248
0.350714 0.199442
0.376103 0.194914
0.403362 0.191876
0.432166 0.190524
0.462091 0.191043
0.492619 0.193602
0.523178 0.198355
0.553167 0.205436
0.582004 0.214953
0.609156 0.226978
0.634174 0.241538
0.656698 0.258597
0.676470 0.278049
0.693325 0.299695
0.707180 0.323245
0.718023 0.348312
0.725901 0.374423
0.730910 0.401043
0.733188 0.427606
0.732916 0.453550
0.730306 0.478355
0.725609 0.501579
0.719110 0.522871
0.711121 0.541988
0.701978 0.558793
0.692032 0.573243
0.681637 0.585378
0.671137 0.595304
0.660858 0.603178
0.651090 0.609186
0.642085 0.613534
0.634049 0.616434
0.627138 0.618089
0.621465 0.618689
0.617097 0.618400
0.614064 0.617359
0.612362 0.615672
0.611963 0.613411
0.612813 0.610613
0.614843 0.607280
0.617963 0.603386
0.622071 0.598874
0.627050 0.593665
0.632767 0.587661
0.639073 0.580752
0.645801 0.572822
0.652772 0.563757
0.659786 0.553452
0.666633 0.541823
0.673093 0.528814
0.678937 0.514403
0.683935 0.498616
0.687862 0.481531
0.690500 0.463281
0.691644 0.444056
0.691107 0.424096
0.688725 0.403687
0.684359 0.383145
0.677900 0.362801
0.669270 0.342982
0.658431 0.324000
0.645386 0.306132
0.630183 0.289613
0.612921 0.274631
0.593751 0.261323
0.572880 0.249778
0.531761 0.235435
0.508526 0.229105
0.484703 0.224412
0.460606 0.221307
0.436548 0.219730
0.412827 0.219606
0.389715 0.220851
0.367450 0.223369
0.346227 0.227059
0.326196 0.231807
0.307466 0.237491
0.290103 0.243981
0.274137 0.251136
0.259570 0.258808
0.246376 0.266838
0.234512 0.275063
0.223923 0.283314
0.214543 0.291419
0.206304 0.299208
0.199137 0.306512
0.192976 0.313169
0.187758 0.319030
0.183428 0.323955
0.179943 0.327822
0.177266 0.330527
0.175374 0.331987
0.174256 0.332143
0.173915 0.330959
0.174368 0.328429
0.175646 0.324571
0.177797 0.319435
0.180882 0.313098
0.184977 0.305666
0.190174 0.297274
0.196577 0.288081
0.204303 0.278270
0.213478 0.268041
0.224232 0.257606
0.236698 0.247188
0.251003 0.237011
0.267258 0.227297
0.285549 0.218261
0.305922 0.210108
0.328370 0.203034
0.352818 0.197219
0.379106 0.192835
0.406986 0.190039
0.436117 0.188978
0.466073 0.189790
0.496364 0.192601
0.526460 0.197526
0.555824 0.204664
0.583948 0.214096
0.610376 0.225873
0.634727 0.240010
0.656701 0.256474
0.676084 0.275171
0.692739 0.295939
0.706598 0.318533
0.717648 0.342633
0.725924 0.367841
0.731500 0.393700
0.734483 0.419717
0.735008 0.445389
0.733243 0.470237
0.729380 0.493828
0.723640 0.515805
0.716273 0.535890
0.707551 0.553899
0.697769 0.569731
0.687231 0.583364
0.676250 0.594845
0.665130 0.604271
0.654163 0.611783
0.643613 0.617551
0.633713 0.621759
0.624660 0.624604
0.616609 0.626277
0.609675 0.626963
0.603936 0.626832
0.599435 0.626034
0.596188 0.624694
0.594184 0.622913
0.593393 0.620761
0.593772 0.618282
0.595264 0.615491
0.597801 0.612377
0.601309 0.608905
0.605704 0.605016
0.610895 0.600635
0.616778 0.595670
0.623242 0.590018
0.630160 0.583571
0.637396 0.576217
0.644796 0.567849
0.652198 0.558371
0.659427 0.547702
0.666297 0.535783
0.672619 0.522586
0.678199 0.508117
0.682847 0.492425
0.686375 0.475603
0.688607 0.457790
0.689377 0.439169
0.688535 0.419963
0.685950 0.400429
0.681512 0.380844
0.675135 0.361492
0.666758 0.342656
0.656350 0.324601
0.643914 0.307564
0.629489 0.291750
0.613152 0.277322
0.595026 0.264408
0.575273 0.253093
0.554103 0.243428
0.511608 0.231717
0.488818 0.226941
0.465651 0.223650
0.442379 0.221804
0.419267 0.221354
0.396561 0.222241
0.374486 0.224400
0.353234 0.227758
0.332960 0.232237
0.313787 0.237752
0.295800 0.244210
0.279051 0.251510
0.263563 0.259544
0.249334 0.268195
0.236342 0.277338
0.224548 0.286840
0.213902 0.296561
0.204345 0.306356
0.195812 0.316076
0.188237 0.325572
0.181552 0.334693
0.175694 0.343293
0.170599 0.351231
0.166211 0.358375
0.162480 0.364600
0.159359 0.369796
0.156815 0.373866
0.154817 0.376726
0.153347 0.378310
0.152397 0.378567
0.151967 0.377466
0.152068 0.374996
0.152724 0.371163
0.153969 0.365998
0.155846 0.359552
0.158414 0.351902
0.161741 0.343144
0.165905 0.333402
0.170999 0.322816
0.177122 0.311550
0.184384 0.299782
0.192905 0.287704
0.202805 0.275516
0.214211 0.263420
0.227245 0.251619
0.242021 0.240310
0.258635 0.229680
0.277160 0.219908
0.297628 0.211158
0.320025 0.203581
0.344274 0.197319
0.370225 0.192498
0.397651 0.189239
0.426245 0.187653
0.455629 0.187843
0.485367 0.189905
0.514987 0.193930
0.544013 0.199998
0.571983 0.208176
0.598481 0.218512
0.623150 0.231032
0.645704 0.245726
0.665926 0.262541
0.683671 0.281373
0.698853 0.302057
0.711434 0.324361
0.721423 0.347990
0.728860 0.372586
0.733813 0.397743
0.736374 0.423027
0.736659 0.447997
0.734804 0.472229
0.730967 0.495338
0.725328 0.516998
0.718092 0.536950
0.709484 0.555011
0.699750 0.571068
0.689151 0.585077
0.677956 0.597054
0.666439 0.607063
0.654865 0.615210
0.643486 0.621628
0.632534 0.626475
0.622210 0.629921
0.612684 0.632142
0.604095 0.633313
0.596542 0.633604
0.590098 0.633175
0.584802 0.632171
0.580671 0.630717
0.577698 0.628922
0.575863 0.626868
0.575130 0.624618
0.575456 0.622210
0.576790 0.619659
0.579076 0.616961
0.582255 0.614089
0.586265 0.610999
0.591038 0.607631
0.596502 0.603910
0.602578 0.599752
0.609182 0.595062
0.616217 0.589739
0.623578 0.583682
0.631150 0.576790
0.638806 0.568969
0.646408 0.560132
0.653810 0.550208
0.660857 0.539146
0.667391 0.526919
0.673248 0.513526
0.678269 0.499003
0.682294 0.483418
0.685173 0.466878
0.686762 0.449527
0.686931 0.431542
0.685562 0.413131
0.682553 0.394523
0.677819 0.375959
0.671294 0.357684
0.662935 0.339937
0.652720 0.322940
0.640656 0.306893
0.626779 0.291968
0.611156 0.278305
0.593888 0.266013
0.575112 0.255170
0.554998 0.245827
0.533753 0.238008
0.490184 0.229040
0.468041 0.225756
0.445720 0.223815
0.423451 0.223184
0.401453 0.223821
0.379929 0.225682
0.359056 0.228717
0.338988 0.232871
0.319846 0.238085
0.301725 0.244293
0.284691 0.251427
0.268781 0.259410
0.254012 0.268158
0.240381 0.277582
0.227867 0.287582
0.216436 0.298055
0.206044 0.308886
0.196640 0.319958
0.188167 0.331146
0.180567 0.342321
0.173777 0.353354
0.167737 0.364114
0.162387 0.374471
0.157671 0.384300
0.153532 0.393479
0.149921 0.401895
0.146791 0.409443
0.144102 0.416025
0.141817 0.421554
0.139908 0.425954
0.138351 0.429159
0.137129 0.431114
0.136234 0.431777
0.135664 0.431116
0.135425 0.429114
0.135530 0.425764
0.136003 0.421078
0.136874 0.415078
0.138182 0.407809
0.139975 0.399327
0.142308 0.389713
0.145247 0.379064
0.148866 0.367496
0.153245 0.355144
0.158476 0.342161
0.164654 0.328711
0.171885 0.314971
0.180277 0.301124
0.189944 0.287357
0.201000 0.273854
0.213556 0.260794
0.227717 0.248347
0.243573 0.236672
0.261195 0.225916
0.280623 0.216211
0.301859 0.207680
0.324853 0.200430
0.349500 0.194561
0.375627 0.190163
0.402995 0.187320
0.431299 0.186112
0.460178 0.186612
0.489230 0.188893
0.518031 0.193019
0.546161 0.199051
0.573220 0.207040
0.598853 0.217021
0.622754 0.229013
0.644681 0.243007
0.664451 0.258960
0.681939 0.276790
0.697068 0.296365
0.709804 0.317499
0.720149 0.339952
0.728132 0.363432
0.733802 0.387601
0.737229 0.412089
0.738500 0.436510
0.737716 0.460481
0.734998 0.483642
0.730480 0.505669
0.724319 0.526290
0.716688 0.545292
0.707781 0.562521
0.697807 0.577885
0.686993 0.591345
0.675573 0.602914
0.663785 0.612642
0.651867 0.620617
0.640046 0.626952
0.628536 0.631779
0.617526 0.635245
0.607183 0.637505
0.597643 0.638717
0.589016 0.639040
0.581381 0.638623
0.574790 0.637612
0.569271 0.636137
0.564832 0.634314
0.561464 0.632247
0.559144 0.630016
0.557839 0.627689
0.557510 0.625310
0.558111 0.622909
0.559598 0.620494
0.561920 0.618059
0.565030 0.615581
0.568878 0.613022
0.573413 0.610332
0.578583 0.607448
0.584333 0.604299
0.590602 0.600804
0.597326 0.596879
0.604431 0.592432
0.611838 0.587373
0.619456 0.581609
0.627188 0.575055
0.634924 0.567628
0.642549 0.559258
0.649939 0.549886
0.656963 0.539471
0.663487 0.527990
0.669375 0.515447
0.674492 0.501869
0.678704 0.487314
0.681882 0.471869
0.683907 0.455652
0.684664 0.438808
0.684052 0.421506
0.681979 0.403938
0.678369 0.386305
0.673159 0.368817
0.666300 0.351683
0.657766 0.335101
0.647544 0.319256
0.635649 0.304311
0.622115 0.290409
0.607005 0.277665
0.590407 0.266170
0.572441 0.255990
0.553251 0.247171
0.533011 0.239736
0.511917 0.233695
0.467617 0.227562
0.446172 0.225690
0.424728 0.225044
0.403480 0.225596
0.382608 0.227313
0.362276 0.230159
0.342625 0.234095
0.323775 0.239079
0.305818 0.245065
0.288825 0.252003
0.272843 0.259840
0.257899 0.268514
0.244001 0.277962
0.231143 0.288112
0.219303 0.298884
0.208452 0.310194
0.198550 0.321949
0.189553 0.334051
0.181410 0.346395
0.174070 0.358871
0.167478 0.371367
0.161580 0.383767
0.156321 0.395957
0.151648 0.407821
0.147508 0.419249
0.143853 0.430133
0.140635 0.440371
0.137809 0.449868
0.135335 0.458537
0.133175 0.466297
0.131296 0.473075
0.129669 0.478807
0.128269 0.483437
0.127078 0.486914
0.126082 0.489196
0.125270 0.490248
0.124641 0.490042
0.124197 0.488557
0.123947 0.485781
0.123905 0.481707
0.124093 0.476341
0.124538 0.469699
0.125273 0.461808
0.126340 0.452710
0.127785 0.442459
0.129660 0.431129
0.132026 0.418810
0.134949 0.405608
0.138501 0.391646
0.142761 0.377066
0.147815 0.362020
0.153753 0.346673
0.160671 0.331197
0.168670 0.315765
0.177853 0.300553
0.188323 0.285728
0.200183 0.271453
0.213529 0.257876
0.228447 0.245136
0.245009 0.233356
0.263261 0.222647
0.283219 0.213106
0.304863 0.204819
0.328121 0.197863
0.352870 0.192308
0.378928 0.188217
0.406056 0.185650
0.433958 0.184662
0.462296 0.185309
0.490699 0.187644
0.518786 0.191716
0.546181 0.197573
0.572531 0.205253
0.597521 0.214787
0.620885 0.226188
0.642409 0.239452
0.661930 0.254546
0.679335 0.271404
0.694554 0.289924
0.707553 0.309956
0.718328 0.331306
0.726896 0.353734
0.733296 0.376958
0.737581 0.400660
0.739816 0.424505
0.740079 0.448148
0.738461 0.471251
0.735067 0.493503
0.730014 0.514626
0.723438 0.534388
0.715490 0.552606
0.706338 0.569150
0.696165 0.583939
0.685168 0.596940
0.673557 0.608159
0.661542 0.617639
0.649340 0.625452
0.637158 0.631692
0.625193 0.636474
0.613628 0.639925
0.602622 0.642181
0.592314 0.643384
0.582816 0.643679
0.574213 0.643206
0.566567 0.642104
0.559917 0.640503
0.554281 0.638524
0.549659 0.636274
0.546037 0.633850
0.543391 0.631332
0.541686 0.628788
0.540885 0.626266
0.540946 0.623802
0.541824 0.621416
0.543478 0.619113
0.545863 0.616885
0.548939 0.614710
0.552666 0.612555
0.557004 0.610376
0.561914 0.608122
0.567356 0.605730
0.573288 0.603132
0.579664 0.600254
0.586436 0.597018
0.593546 0.593343
0.600934 0.589146
0.608530 0.584346
0.616256 0.578861
0.624025 0.572618
0.631745 0.565547
0.639314 0.557589
0.646625 0.548695
0.653566 0.538833
0.660022 0.527987
0.665874 0.516160
0.671008 0.503377
0.675307 0.489689
0.678662 0.475169
0.680967 0.459916
0.682123 0.444052
0.682042 0.427722
0.680642 0.411085
0.677852 0.394316
0.673614 0.377596
0.667881 0.361106
0.660621 0.345026
0.651816 0.329522
0.641466 0.314750
0.629588 0.300846
0.616221 0.287925
0.601424 0.276084
0.585280 0.265398
0.567895 0.255924
0.549400 0.247699
0.529946 0.240747
0.509704 0.235076
0.488862 0.230684
0.444079 0.227443
0.423539 0.226922
0.403157 0.227515
0.383093 0.229200
0.363490 0.231950
0.344477 0.235738
0.326163 0.240532
0.308635 0.246300
0.291963 0.253007
0.276196 0.260614
0.261367 0.269079
0.247492 0.278355
0.234572 0.288391
0.222597 0.299128
0.211549 0.310505
0.201399 0.322451
0.192113 0.334891
0.183652 0.347743
0.175974 0.360919
0.169033 0.374326
0.162783 0.387868
0.157178 0.401445
0.152168 0.414955
0.147708 0.428297
0.143751 0.441372
0.140251 0.454080
0.137164 0.466330
0.134449 0.478033
0.132064 0.489105
0.129971 0.499473
0.128134 0.509065
0.126521 0.517819
0.125099 0.525680
0.123842 0.532598
0.122725 0.538528
0.121728 0.543431
0.120834 0.547274
0.120028 0.550025
0.119303 0.551657
0.118653 0.552148
0.118079 0.551476
0.117583 0.549624
0.117176 0.546578
0.116870 0.542328
0.116683 0.536871
0.116639 0.530207
0.116766 0.522345
0.117095 0.513303
0.117665 0.503110
0.118517 0.491808
0.119699 0.479450
0.121261 0.466109
0.123260 0.451871
0.125759 0.436840
0.128822 0.421134
0.132521 0.404889
0.136933 0.388252
0.142136 0.371379
0.148216 0.354434
0.155262 0.337582
0.163363 0.320987
0.172614 0.304808
0.183107 0.289192
0.194931 0.274280
0.208171 0.260195
0.222901 0.247048
0.239180 0.234937
0.257049 0.223946
0.276518 0.214148
0.297565 0.205604
0.320128 0.198370
0.344097 0.192495
0.369313 0.188021
0.395568 0.184992
0.422604 0.183447
0.450125 0.183426
0.477806 0.184968
0.505306 0.188113
0.532286 0.192899
0.558422 0.199358
0.583420 0.207520
0.607022 0.217403
0.629016 0.229014
0.649234 0.242340
0.667552 0.257347
0.683885 0.273971
0.698185 0.292114
0.710428 0.311642
0.720615 0.332382
0.728767 0.354120
0.734916 0.376610
0.739106 0.399572
0.741392 0.422711
0.741838 0.445720
0.740516 0.468300
0.737511 0.490164
0.732918 0.511055
0.726845 0.530753
0.719414 0.549076
0.710762 0.565886
0.701040 0.581089
0.690414 0.594631
0.679060 0.606496
0.667166 0.616698
0.654920 0.625284
0.642517 0.632318
0.630141 0.637889
0.617973 0.642097
0.606175 0.645055
0.594896 0.646885
0.584260 0.647712
0.574375 0.647666
0.565321 0.646877
0.557159 0.645469
0.549929 0.643565
0.543651 0.641281
0.538329 0.638722
0.533953 0.635985
0.530502 0.633154
0.527947 0.630304
0.526251 0.627495
0.525377 0.624773
0.525282 0.622174
0.525925 0.619718
0.527264 0.617416
0.529262 0.615266
0.531881 0.613256
0.535087 0.611362
0.538846 0.609553
0.543130 0.607790
0.547908 0.606025
0.553151 0.604205
0.558831 0.602270
0.564915 0.600156
0.571369 0.597797
0.578156 0.595120
0.585233 0.592054
0.592550 0.588525
0.600054 0.584461
0.607682 0.579791
0.615364 0.574446
0.623026 0.568366
0.630584 0.561494
0.637949 0.553782
0.645028 0.545195
0.651724 0.535709
0.657937 0.525316
0.663566 0.514023
0.668512 0.501858
0.672675 0.488867
0.675961 0.475117
0.678281 0.460694
0.679549 0.445704
0.679687 0.430272
0.678626 0.414536
0.676303 0.398644
0.672666 0.382754
0.667673 0.367023
0.661291 0.351609
0.653501 0.336659
0.644297 0.322315
0.633687 0.308700
0.621696 0.295927
0.608365 0.284087
0.593753 0.273259
0.577941 0.263502
0.561026 0.254862
0.543127 0.247369
0.524378 0.241043
0.504931 0.235890
0.484950 0.231912
0.464608 0.229101
0.419792 0.228852
0.400238 0.229619
0.380975 0.231408
0.362132 0.234200
0.343821 0.237973
0.326139 0.242704
0.309168 0.248371
0.292971 0.254945
0.277597 0.262401
0.263078 0.270705
0.249433 0.279825
0.236670 0.289721
0.224784 0.300352
0.213762 0.311670
0.203586 0.323622
0.194228 0.336149
0.185659 0.349187
0.177844 0.362666
0.170746 0.376510
0.164326 0.390638
0.158545 0.404966
0.153362 0.419406
0.148735 0.433867
0.144625 0.448259
0.140990 0.462492
0.137791 0.476477
0.134988 0.490128
0.132544 0.503366
0.130419 0.516114
0.128580 0.528301
0.126990 0.539865
0.125616 0.550747
0.124427 0.560896
0.123393 0.570268
0.122486 0.578822
0.121680 0.586525
0.120952 0.593346
0.120280 0.599260
0.119647 0.604243
0.119036 0.608275
0.118436 0.611335
0.117838 0.613407
0.117235 0.614473
0.116626 0.614516
0.116012 0.613519
0.115398 0.611467
0.114792 0.608344
0.114207 0.604134
0.113659 0.598825
0.113168 0.592407
0.112757 0.584872
0.112454 0.576219
0.112289 0.566453
0.112297 0.555586
0.112515 0.543642
0.112984 0.530658
0.113751 0.516681
0.114863 0.501777
0.116371 0.486026
0.118333 0.469525
0.120807 0.452388
0.123857 0.434742
0.127548 0.416730
0.131952 0.398502
0.137144 0.380215
0.143199 0.362030
0.150200 0.344105
0.158227 0.326592
0.167365 0.309636
0.177695 0.293370
0.189298 0.277912
0.202248 0.263368
0.216611 0.249827
0.232439 0.237369
0.249766 0.226055
0.268604 0.215941
0.288935 0.207071
0.310705 0.199482
0.333821 0.193208
0.358148 0.188279
0.383507 0.184723
0.409675 0.182567
0.436393 0.181840
0.463375 0.182570
0.490317 0.184788
0.516911 0.188523
0.542856 0.193803
0.567874 0.200656
0.591715 0.209103
0.614166 0.219155
0.635053 0.230815
0.654241 0.244067
0.671631 0.258877
0.687159 0.275186
0.700786 0.292904
0.712497 0.311911
0.722297 0.332053
0.730201 0.353142
0.736240 0.374959
0.740450 0.397257
0.742878 0.419774
0.743574 0.442236
0.742599 0.464369
0.740020 0.485912
0.735915 0.506625
0.730369 0.526293
0.723484 0.544738
0.715369 0.561817
0.706151 0.577424
0.695967 0.591489
0.684969 0.603977
0.673317 0.614881
0.661181 0.624223
0.648735 0.632045
0.636152 0.638410
0.623604 0.643397
0.611255 0.647097
0.599254 0.649610
0.587739 0.651046
0.576827 0.651517
0.566619 0.651140
0.557193 0.650033
0.548609 0.648313
0.540908 0.646094
0.534110 0.643484
0.528225 0.640587
0.523245 0.637498
0.519153 0.634303
0.515922 0.631080
0.513519 0.627895
0.511907 0.624803
0.511046 0.621848
0.510895 0.619063
0.511412 0.616471
0.512558 0.614085
0.514296 0.611906
0.516591 0.609927
0.519411 0.608134
0.522727 0.606502
0.526514 0.605001
0.530746 0.603595
0.535403 0.602241
0.540464 0.600892
0.545907 0.599496
0.551711 0.597995
0.557853 0.596332
0.564308 0.594445
0.571047 0.592270
0.578035 0.589741
0.585236 0.586794
0.592605 0.583365
0.600092 0.579389
0.607640 0.574806
0.615187 0.569560
0.622664 0.563599
0.629997 0.556878
0.637107 0.549360
0.643911 0.541019
0.650323 0.531839
0.656256 0.521817
0.661621 0.510966
0.666332 0.499314
0.670302 0.486905
0.673450 0.473800
0.675697 0.460079
0.676970 0.445836
0.677199 0.431180
0.676324 0.416231
0.674290 0.401121
0.671049 0.385987
0.666564 0.370969
0.660805 0.356203
0.653752 0.341825
0.645396 0.327959
0.635741 0.314721
0.624803 0.302214
0.612612 0.290526
0.599213 0.279734
0.584668 0.269898
0.569054 0.261066
0.552466 0.253274
0.535013 0.246545
0.516820 0.240896
0.498023 0.236332
0.478768 0.232854
0.459208 0.230455
0.439498 0.229125
0.395023 0.231963
0.376550 0.233969
0.358478 0.236918
0.340905 0.240793
0.323918 0.245577
0.307588 0.251252
0.291972 0.257797
0.277114 0.265191
0.263044 0.273411
0.249782 0.282430
0.237336 0.292220
0.225706 0.302747
0.214883 0.313975
0.204852 0.325863
0.195593 0.338364
0.187082 0.351428
0.179290 0.364996
0.172187 0.379007
0.165740 0.393393
0.159918 0.408082
0.154684 0.422999
0.150004 0.438065
0.145844 0.453197
0.142168 0.468314
0.138940 0.483334
0.136128 0.498176
0.133695 0.512762
0.131610 0.527019
0.129838 0.540876
0.128347 0.554269
0.127105 0.567140
0.126082 0.579436
0.125247 0.591112
0.124571 0.602127
0.124025 0.612447
0.123584 0.622043
0.123221 0.630891
0.122912 0.638971
0.122634 0.646267
0.122368 0.652764
0.122094 0.658451
0.121796 0.663317
0.121459 0.667353
0.121072 0.670548
0.120626 0.672894
0.120114 0.674380
0.119534 0.674994
0.118883 0.674722
0.118165 0.673551
0.117386 0.671464
0.116553 0.668445
0.115679 0.664474
0.114778 0.659534
0.113868 0.653604
0.112970 0.646668
0.112107 0.638708
0.111304 0.629712
0.110593 0.619670
0.110003 0.608579
0.109569 0.596445
0.109328 0.583283
0.109319 0.569120
0.109584 0.553996
0.110168 0.537966
0.111117 0.521102
0.112482 0.503494
0.114315 0.485245
0.116671 0.466478
0.119610 0.447327
0.123193 0.427938
0.127483 0.408464
0.132550 0.389062
0.138463 0.369888
0.145294 0.351095
0.153118 0.332827
0.162009 0.315214
0.172041 0.298378
0.183287 0.282421
0.195812 0.267435
0.209676 0.253493
0.224927 0.240658
0.241597 0.228978
0.259699 0.218494
0.279221 0.209237
0.300120 0.201231
0.322321 0.194498
0.345711 0.189057
0.370137 0.184926
0.395411 0.182121
0.421309 0.180661
0.447578 0.180568
0.473949 0.181862
0.500139 0.184567
0.525873 0.188707
0.550885 0.194304
0.574932 0.201380
0.597801 0.209952
0.619310 0.220028
0.639314 0.231607
0.657700 0.244675
0.674388 0.259200
0.689325 0.275127
0.702479 0.292377
0.713840 0.310844
0.723412 0.330390
0.731210 0.350851
0.737258 0.372033
0.741589 0.393716
0.744239 0.415667
0.745252 0.437637
0.744675 0.459378
0.742565 0.480647
0.738982 0.501218
0.733999 0.520885
0.727694 0.539469
0.720159 0.556824
0.711498 0.572835
0.701825 0.587419
0.691269 0.600523
0.679967 0.612123
0.668069 0.622220
0.655730 0.630836
0.643109 0.638015
0.630369 0.643812
0.617667 0.648300
0.605154 0.651560
0.592972 0.653684
0.581248 0.654768
0.570095 0.654916
0.559608 0.654233
0.549864 0.652829
0.540921 0.650810
0.532821 0.648283
0.525589 0.645351
0.519235 0.642115
0.513756 0.638666
0.509137 0.635092
0.505354 0.631471
0.502379 0.627873
0.500174 0.624358
0.498701 0.620978
0.497920 0.617775
0.497788 0.614779
0.498266 0.612012
0.499314 0.609489
0.500895 0.607214
0.502977 0.605184
0.505528 0.603388
0.508520 0.601808
0.511931 0.600421
0.515737 0.599199
0.519922 0.598105
0.524467 0.597102
0.529359 0.596148
0.534582 0.595195
0.540122 0.594194
0.545965 0.593093
0.552094 0.591838
0.558490 0.590373
0.565130 0.588639
0.571989 0.586580
0.579036 0.584136
0.586234 0.581250
0.593545 0.577866
0.600920 0.573927
0.608307 0.569385
0.615649 0.564190
0.622883 0.558301
0.629941 0.551682
0.636752 0.544305
0.643242 0.536150
0.649334 0.527211
0.654950 0.517488
0.660012 0.506998
0.664443 0.495771
0.668169 0.483849
0.671115 0.471291
0.673214 0.458168
0.674400 0.444568
0.674613 0.430587
0.673798 0.416334
0.671909 0.401926
0.668901 0.387484
0.664741 0.373132
0.659401 0.358993
0.652864 0.345187
0.645118 0.331828
0.636166 0.319021
0.626019 0.306861
0.614700 0.295431
0.602245 0.284804
0.588705 0.275040
0.574142 0.266186
0.558633 0.258280
0.542272 0.251351
0.525161 0.245415
0.507417 0.240485
0.489166 0.236566
0.470540 0.233655
0.451676 0.231749
0.432712 0.230839
0.413784 0.230915
0.679899 0.315873
