0.303657 0.666308
0.300743 0.673330
0.296640 0.670919
0.294529 0.660584
0.296284 0.650157
0.300364 0.647779
0.303509 0.655055
0.308241 0.672250
0.305672 0.682230
0.301470 0.686823
0.296507 0.684693
0.292181 0.676074
0.289982 0.663043
0.290776 0.649223
0.294285 0.638680
0.299215 0.634446
0.303965 0.637498
0.307351 0.646680
0.308823 0.659352
0.312999 0.678293
0.310971 0.688818
0.307740 0.696337
0.303460 0.699993
0.298498 0.699240
0.293455 0.693943
0.289096 0.684492
0.286198 0.671884
0.285339 0.657682
0.286720 0.643816
0.290089 0.632239
0.294798 0.624539
0.300003 0.621655
0.304902 0.623768
0.308922 0.630380
0.311778 0.640488
0.313400 0.652787
0.313805 0.665856
0.317948 0.684423
0.316379 0.694662
0.313990 0.703092
0.310771 0.709261
0.306777 0.712790
0.302161 0.713390
0.297182 0.710890
0.292204 0.705274
0.287660 0.696728
0.284000 0.685671
0.281625 0.672768
0.280821 0.658903
0.281703 0.645108
0.284189 0.632449
0.288006 0.621903
0.292733 0.614241
0.297877 0.609952
0.302956 0.609220
0.307574 0.611941
0.311473 0.617775
0.314532 0.626210
0.316740 0.636625
0.318145 0.648337
0.318803 0.660652
0.318742 0.672893
0.323104 0.690625
0.321908 0.700291
0.320155 0.708791
0.317799 0.715886
0.314823 0.721357
0.311237 0.725008
0.307103 0.726671
0.302531 0.726210
0.297688 0.723538
0.292789 0.718633
0.288090 0.711551
0.283864 0.702450
0.280383 0.691596
0.277887 0.679372
0.276563 0.666266
0.276521 0.652850
0.277780 0.639743
0.280264 0.627564
0.283802 0.616883
0.288153 0.608176
0.293020 0.601796
0.298092 0.597957
0.303074 0.596728
0.307718 0.598055
0.311843 0.601771
0.315345 0.607631
0.318191 0.615329
0.320403 0.624520
0.322035 0.634840
0.323151 0.645914
0.323801 0.657376
0.324014 0.668868
0.323791 0.680055
0.328485 0.696885
0.327570 0.706105
0.326247 0.714488
0.324472 0.721895
0.322208 0.728193
0.319434 0.733255
0.316146 0.736965
0.312369 0.739212
0.308154 0.739896
0.303587 0.738937
0.298784 0.736273
0.293890 0.731878
0.289075 0.725761
0.284527 0.717983
0.280436 0.708661
0.276988 0.697977
0.274349 0.686177
0.272654 0.673570
0.271997 0.660519
0.272424 0.647424
0.273926 0.634704
0.276439 0.622770
0.279846 0.612002
0.283984 0.602732
0.288657 0.595221
0.293647 0.589654
0.298733 0.586135
0.303711 0.584690
0.308403 0.585277
0.312673 0.587795
0.316433 0.592095
0.319640 0.597997
0.322296 0.605295
0.324432 0.613769
0.326102 0.623191
0.327365 0.633329
0.328280 0.643953
0.328889 0.654839
0.329218 0.665773
0.329273 0.676549
0.329039 0.686978
0.334110 0.703186
0.333446 0.711860
0.332484 0.719920
0.331185 0.727283
0.329513 0.733870
0.327439 0.739604
0.324941 0.744409
0.322011 0.748211
0.318652 0.750938
0.314887 0.752520
0.310753 0.752892
0.306310 0.751996
0.301634 0.749785
0.296822 0.746227
0.291986 0.741307
0.287252 0.735036
0.282752 0.727452
0.278621 0.718627
0.274993 0.708669
0.271988 0.697725
0.269712 0.685982
0.268252 0.673660
0.267667 0.661014
0.267986 0.648318
0.269209 0.635858
0.271301 0.623921
0.274196 0.612778
0.277798 0.602679
0.281985 0.593836
0.286613 0.586421
0.291529 0.580560
0.296572 0.576330
0.301588 0.573764
0.306436 0.572850
0.310997 0.573542
0.315178 0.575760
0.318917 0.579404
0.322181 0.584351
0.324966 0.590469
0.327291 0.597618
0.329196 0.605651
0.330727 0.614421
0.331939 0.623779
0.332883 0.633579
0.333603 0.643677
0.334132 0.653933
0.334488 0.664215
0.334678 0.674395
0.334694 0.684356
0.334514 0.693987
0.339996 0.709513
0.339545 0.717744
0.338865 0.725498
0.337923 0.732723
0.336687 0.739369
0.335130 0.745386
0.333225 0.750725
0.330955 0.755338
0.328307 0.759173
0.325278 0.762181
0.321874 0.764310
0.318114 0.765512
0.314026 0.765738
0.309654 0.764944
0.305053 0.763092
0.300290 0.760149
0.295446 0.756093
0.290611 0.750916
0.285880 0.744622
0.281356 0.737237
0.277140 0.728805
0.273335 0.719395
0.270034 0.709101
0.267323 0.698044
0.265275 0.686367
0.263951 0.674241
0.263390 0.661854
0.263615 0.649408
0.264629 0.637116
0.266413 0.625190
0.268925 0.613838
0.272107 0.603254
0.275876 0.593611
0.280138 0.585061
0.284783 0.577723
0.289691 0.571690
0.294740 0.567021
0.299809 0.563746
0.304782 0.561864
0.309555 0.561353
0.314043 0.562165
0.318176 0.564237
0.321907 0.567491
0.325210 0.571839
0.328080 0.577185
0.330529 0.583430
0.332584 0.590472
0.334283 0.598208
0.335670 0.606535
0.336794 0.615349
0.337700 0.624550
0.338430 0.634038
0.339017 0.643717
0.339487 0.653493
0.339855 0.663275
0.340125 0.672981
0.340291 0.682528
0.340340 0.691844
0.340251 0.700861
0.346161 0.715850
0.345909 0.723482
0.345485 0.730752
0.344866 0.737627
0.344024 0.744079
0.342937 0.750076
0.341581 0.755590
0.339938 0.760590
0.337991 0.765044
0.335728 0.768921
0.333142 0.772186
0.330230 0.774805
0.326995 0.776744
0.323450 0.777968
0.319611 0.778441
0.315506 0.778131
0.311170 0.777006
0.306644 0.775037
0.301980 0.772199
0.297236 0.768475
0.292476 0.763851
0.287770 0.758324
0.283190 0.751901
0.278812 0.744599
0.274710 0.736451
0.270957 0.727502
0.267622 0.717815
0.264767 0.707469
0.262450 0.696558
0.260717 0.685194
0.259606 0.673502
0.259145 0.661619
0.259347 0.649690
0.260214 0.637867
0.261737 0.626304
0.263891 0.615150
0.266640 0.604550
0.269934 0.594636
0.273712 0.585529
0.277902 0.577331
0.282425 0.570127
0.287194 0.563984
0.292118 0.558948
0.297106 0.555046
0.302069 0.552287
0.306923 0.550662
0.311592 0.550147
0.316011 0.550708
0.320127 0.552297
0.323899 0.554860
0.327304 0.558334
0.330329 0.562655
0.332977 0.567754
0.335260 0.573560
0.337201 0.580005
0.338832 0.587016
0.340188 0.594525
0.341308 0.602463
0.342230 0.610760
0.342992 0.619351
0.343628 0.628168
0.344167 0.637149
0.344631 0.646229
0.345036 0.655349
0.345391 0.664450
0.345697 0.673479
0.345951 0.682383
0.346142 0.691115
0.346254 0.699630
0.346268 0.707888
0.352622 0.722180
0.352540 0.729417
0.352320 0.736359
0.351942 0.742984
0.351384 0.749274
0.350625 0.755208
0.349646 0.760768
0.348430 0.765933
0.346959 0.770682
0.345220 0.774994
0.343201 0.778846
0.340894 0.782212
0.338291 0.785069
0.335394 0.787389
0.332203 0.789147
0.328728 0.790314
0.324981 0.790863
0.320981 0.790767
0.316752 0.789999
0.312327 0.788536
0.307741 0.786353
0.303038 0.783431
0.298264 0.779752
0.293472 0.775306
0.288717 0.770086
0.284059 0.764091
0.279555 0.757330
0.275267 0.749819
0.271254 0.741584
0.267573 0.732664
0.264277 0.723106
0.261415 0.712973
0.259033 0.702336
0.257168 0.691281
0.255851 0.679902
0.255107 0.668304
0.254951 0.656599
0.255391 0.644905
0.256424 0.633342
0.258041 0.622031
0.260221 0.611090
0.262936 0.600633
0.266148 0.590766
0.269810 0.581583
0.273868 0.573171
0.278260 0.565600
0.282920 0.558929
0.287775 0.553203
0.292752 0.548451
0.297777 0.544689
0.302777 0.541923
0.307682 0.540142
0.312429 0.539328
0.316960 0.539453
0.321228 0.540482
0.325195 0.542371
0.328833 0.545075
0.332125 0.548542
0.335064 0.552722
0.337652 0.557558
0.339902 0.562999
0.341833 0.568990
0.343471 0.575478
0.344846 0.582410
0.345990 0.589735
0.346939 0.597401
0.347727 0.605360
0.348386 0.613561
0.348947 0.621956
0.349435 0.630498
0.349873 0.639141
0.350277 0.647840
0.350659 0.656550
0.351024 0.665231
0.351373 0.673843
0.351701 0.682349
0.352001 0.690715
0.352260 0.698909
0.352462 0.706902
0.352589 0.714667
0.359398 0.728485
0.359470 0.735228
0.359435 0.741734
0.359274 0.747991
0.358971 0.753987
0.358509 0.759710
0.357873 0.765147
0.357047 0.770287
0.356018 0.775116
0.354772 0.779621
0.353297 0.783787
0.351584 0.787597
0.349622 0.791036
0.347406 0.794086
0.344931 0.796728
0.342194 0.798943
0.339197 0.800711
0.335943 0.802011
0.332440 0.802823
0.328700 0.803124
0.324738 0.802895
0.320574 0.802115
0.316231 0.800763
0.311738 0.798822
0.307126 0.796275
0.302431 0.793105
0.297693 0.789300
0.292953 0.784851
0.288255 0.779751
0.283645 0.774000
0.279169 0.767600
0.274873 0.760561
0.270805 0.752900
0.267007 0.744638
0.263523 0.735807
0.260393 0.726447
0.257652 0.716603
0.255334 0.706333
0.253468 0.695699
0.252077 0.684775
0.251181 0.673636
0.250793 0.662369
0.250921 0.651061
0.251568 0.639803
0.252731 0.628689
0.254401 0.617810
0.256561 0.607257
0.259189 0.597117
0.262258 0.587470
0.265734 0.578392
0.269577 0.569950
0.273743 0.562202
0.278181 0.555197
0.282839 0.548975
0.287659 0.543566
0.292585 0.538991
0.297557 0.535260
0.302518 0.532376
0.307411 0.530332
0.312184 0.529116
0.316789 0.528706
0.321183 0.529078
0.325330 0.530200
0.329200 0.532039
0.332772 0.534558
0.336032 0.537716
0.338974 0.541475
0.341597 0.545794
0.343909 0.550631
0.345924 0.555946
0.347660 0.561700
0.349138 0.567853
0.350386 0.574368
0.351430 0.581207
0.352299 0.588333
0.353023 0.595712
0.353630 0.603307
0.354146 0.611083
0.354596 0.619008
0.355001 0.627046
0.355380 0.635166
0.355746 0.643334
0.356110 0.651520
0.356479 0.659693
0.356856 0.667824
0.357239 0.675887
0.357624 0.683856
0.358003 0.691707
0.358367 0.699417
0.358704 0.706968
0.358998 0.714340
0.359235 0.721517
0.366505 0.734748
0.366716 0.741076
0.366838 0.747209
0.366858 0.753138
0.366761 0.758858
0.366535 0.764360
0.366166 0.769636
0.365642 0.774680
0.364951 0.779483
0.364082 0.784036
0.363023 0.788330
0.361765 0.792353
0.360299 0.796096
0.358617 0.799547
0.356711 0.802692
0.354577 0.805517
0.352208 0.808010
0.349604 0.810154
0.346764 0.811934
0.343690 0.813334
0.340385 0.814338
0.336856 0.814929
0.333114 0.815090
0.329171 0.814804
0.325044 0.814054
0.320750 0.812826
0.316312 0.811101
0.311756 0.808867
0.307108 0.806109
0.302401 0.802815
0.297665 0.798975
0.292937 0.794580
0.288251 0.789624
0.283646 0.784105
0.279158 0.778023
0.274825 0.771383
0.270684 0.764195
0.266771 0.756473
0.263120 0.748237
0.259766 0.739512
0.256738 0.730331
0.254064 0.720730
0.251770 0.710754
0.249879 0.700452
0.248409 0.689882
0.247376 0.679103
0.246792 0.668182
0.246665 0.657187
0.247001 0.646190
0.247798 0.635265
0.249053 0.624486
0.250758 0.613927
0.252900 0.603658
0.255463 0.593751
0.258425 0.584268
0.261761 0.575272
0.265439 0.566816
0.269428 0.558950
0.273688 0.551716
0.278178 0.545149
0.282856 0.539277
0.287674 0.534123
0.292586 0.529699
0.297544 0.526015
0.302499 0.523070
0.307405 0.520860
0.312218 0.519375
0.316896 0.518599
0.321401 0.518512
0.325700 0.519092
0.329763 0.520312
0.333569 0.522142
0.337098 0.524553
0.340340 0.527513
0.343288 0.530989
0.345941 0.534949
0.348305 0.539361
0.350388 0.544192
0.352205 0.549411
0.353771 0.554988
0.355108 0.560893
0.356237 0.567097
0.357183 0.573573
0.357971 0.580293
0.358625 0.587229
0.359171 0.594357
0.359632 0.601650
0.360029 0.609082
0.360385 0.616629
0.360716 0.624266
0.361037 0.631967
0.361362 0.639709
0.361700 0.647469
0.362057 0.655223
0.362437 0.662951
0.362840 0.670630
0.363265 0.678241
0.363707 0.685765
0.364160 0.693186
0.364613 0.700488
0.365058 0.707656
0.365483 0.714677
0.365875 0.721540
0.366220 0.728233
0.373960 0.740953
0.374296 0.746921
0.374558 0.752724
0.374733 0.758358
0.374810 0.763818
0.374779 0.769101
0.374627 0.774201
0.374345 0.779113
0.373924 0.783834
0.373352 0.788356
0.372622 0.792674
0.371723 0.796781
0.370649 0.800669
0.369390 0.804331
0.367940 0.807758
0.366291 0.810940
0.364438 0.813867
0.362377 0.816528
0.360102 0.818912
0.357611 0.821007
0.354903 0.822800
0.351979 0.824279
0.348839 0.825430
0.345488 0.826239
0.341933 0.826694
0.338181 0.826780
0.334244 0.826483
0.330133 0.825789
0.325866 0.824685
0.321459 0.823158
0.316933 0.821195
0.312311 0.818783
0.307617 0.815911
0.302877 0.812569
0.298120 0.808747
0.293374 0.804439
0.288671 0.799638
0.284040 0.794340
0.279513 0.788546
0.275122 0.782256
0.270897 0.775475
0.266868 0.768213
0.263064 0.760482
0.259513 0.752299
0.256240 0.743685
0.253272 0.734666
0.250629 0.725274
0.248332 0.715543
0.246400 0.705515
0.244847 0.695233
0.243687 0.684747
0.242931 0.674110
0.242586 0.663377
0.242658 0.652606
0.243148 0.641857
0.244056 0.631192
0.245378 0.620671
0.247107 0.610354
0.249233 0.600301
0.251742 0.590568
0.254618 0.581209
0.257841 0.572275
0.261388 0.563811
0.265232 0.555859
0.269344 0.548457
0.273692 0.541634
0.278240 0.535419
0.282952 0.529832
0.287790 0.524887
0.292713 0.520597
0.297681 0.516965
0.302653 0.513993
0.307591 0.511676
0.312455 0.510006
0.317209 0.508970
0.321819 0.508553
0.326254 0.508736
0.330487 0.509497
0.334494 0.510815
0.338256 0.512663
0.341760 0.515017
0.344994 0.517849
0.347953 0.521132
0.350636 0.524840
0.353045 0.528946
0.355188 0.533422
0.357075 0.538245
0.358719 0.543388
0.360136 0.548828
0.361344 0.554541
0.362364 0.560506
0.363216 0.566700
0.363922 0.573102
0.364505 0.579693
0.364986 0.586451
0.365387 0.593356
0.365727 0.600390
0.366026 0.607533
0.366301 0.614766
0.366567 0.622070
0.366836 0.629425
0.367122 0.636814
0.367430 0.644218
0.367769 0.651619
0.368142 0.659001
0.368550 0.666346
0.368992 0.673639
0.369466 0.680865
0.369968 0.688010
0.370490 0.695062
0.371026 0.702009
0.371566 0.708839
0.372101 0.715544
0.372619 0.722115
0.373109 0.728545
0.373560 0.734826
0.381778 0.747083
0.382227 0.752687
0.382612 0.758152
0.382923 0.763477
0.383151 0.768657
0.383286 0.773692
0.383321 0.778578
0.383246 0.783313
0.383053 0.787893
0.382735 0.792315
0.382284 0.796576
0.381692 0.800671
0.380952 0.804596
0.380058 0.808344
0.379002 0.811911
0.377778 0.815289
0.376380 0.818472
0.374802 0.821452
0.373039 0.824222
0.371088 0.826771
0.368942 0.829092
0.366601 0.831175
0.364062 0.833009
0.361323 0.834586
0.358385 0.835893
0.355250 0.836920
0.351921 0.837657
0.348403 0.838092
0.344703 0.838213
0.340828 0.838009
0.336790 0.837469
0.332600 0.836581
0.328272 0.835335
0.323823 0.833719
0.319270 0.831723
0.314633 0.829335
0.309931 0.826548
0.305189 0.823350
0.300429 0.819735
0.295675 0.815695
0.290953 0.811224
0.286289 0.806318
0.281708 0.800973
0.277237 0.795189
0.272901 0.788967
0.268725 0.782312
0.264734 0.775229
0.260951 0.767728
0.257400 0.759823
0.254101 0.751529
0.251074 0.742866
0.248338 0.733858
0.245910 0.724533
0.243805 0.714920
0.242036 0.705055
0.240615 0.694975
0.239552 0.684722
0.238854 0.674339
0.238529 0.663872
0.238579 0.653370
0.239007 0.642881
0.239813 0.632455
0.240993 0.622144
0.242544 0.611997
0.244459 0.602063
0.246728 0.592390
0.249340 0.583024
0.252280 0.574007
0.255532 0.565380
0.259077 0.557181
0.262894 0.549442
0.266957 0.542195
0.271242 0.535464
0.275720 0.529271
0.280360 0.523635
0.285132 0.518569
0.290002 0.514084
0.294937 0.510184
0.299903 0.506872
0.304865 0.504146
0.309790 0.502002
0.314646 0.500431
0.319400 0.499423
0.324025 0.498963
0.328493 0.499037
0.332781 0.499625
0.336866 0.500710
0.340730 0.502270
0.344361 0.504284
0.347745 0.506730
0.350876 0.509585
0.353751 0.512826
0.356367 0.516432
0.358728 0.520379
0.360841 0.524647
0.362712 0.529214
0.364354 0.534060
0.365780 0.539166
0.367005 0.544513
0.368045 0.550082
0.368918 0.555857
0.369643 0.561821
0.370240 0.567957
0.370727 0.574251
0.371123 0.580686
0.371447 0.587247
0.371717 0.593921
0.371950 0.600690
0.372162 0.607542
0.372366 0.614462
0.372576 0.621434
0.372802 0.628445
0.373053 0.635480
0.373336 0.642525
0.373658 0.649566
0.374022 0.656590
0.374428 0.663584
0.374878 0.670534
0.375369 0.677430
0.375898 0.684260
0.376461 0.691015
0.377051 0.697683
0.377662 0.704257
0.378285 0.710729
0.378913 0.717092
0.379535 0.723340
0.380143 0.729467
0.380726 0.735470
0.381274 0.741342
0.389975 0.753119
0.390523 0.758365
0.391015 0.763495
0.391443 0.768507
0.391800 0.773399
0.392078 0.778171
0.392270 0.782821
0.392370 0.787349
0.392370 0.791751
0.392265 0.796028
0.392047 0.800175
0.391712 0.804192
0.391253 0.808074
0.390665 0.811819
0.389941 0.815423
0.389077 0.818881
0.388066 0.822189
0.386903 0.825342
0.385584 0.828334
0.384104 0.831159
0.382457 0.833810
0.380640 0.836281
0.378650 0.838564
0.376482 0.840653
0.374134 0.842538
0.371605 0.844212
0.368893 0.845667
0.365999 0.846893
0.362923 0.847882
0.359669 0.848626
0.356239 0.849114
0.352638 0.849338
0.348873 0.849288
0.344951 0.848955
0.340882 0.848330
0.336676 0.847403
0.332345 0.846165
0.327904 0.844607
0.323366 0.842720
0.318749 0.840495
0.314069 0.837924
0.309346 0.834998
0.304599 0.831711
0.299848 0.828055
0.295114 0.824025
0.290418 0.819614
0.285782 0.814820
0.281228 0.809638
0.276777 0.804068
0.272450 0.798110
0.268268 0.791766
0.264253 0.785040
0.260422 0.777939
0.256794 0.770471
0.253389 0.762647
0.250221 0.754481
0.247308 0.745991
0.244662 0.737195
0.242299 0.728117
0.240228 0.718782
0.238462 0.709218
0.237009 0.699455
0.235878 0.689528
0.235075 0.679471
0.234605 0.669322
0.234472 0.659119
0.234678 0.648904
0.235225 0.638717
0.236112 0.628600
0.237336 0.618594
0.238894 0.608740
0.240781 0.599080
0.242988 0.589652
0.245508 0.580495
0.248328 0.571643
0.251437 0.563131
0.254820 0.554990
0.258461 0.547250
0.262340 0.539935
0.266438 0.533069
0.270733 0.526671
0.275201 0.520760
0.279817 0.515348
0.284554 0.510446
0.289387 0.506062
0.294285 0.502201
0.299221 0.498864
0.304165 0.496050
0.309090 0.493756
0.313966 0.491976
0.318768 0.490701
0.323467 0.489921
0.328041 0.489623
0.332467 0.489794
0.336723 0.490418
0.340792 0.491479
0.344659 0.492958
0.348310 0.494839
0.351734 0.497101
0.354926 0.499727
0.357879 0.502697
0.360592 0.505992
0.363067 0.509594
0.365305 0.513484
0.367313 0.517645
0.369098 0.522059
0.370671 0.526711
0.372042 0.531584
0.373224 0.536663
0.374233 0.541933
0.375082 0.547382
0.375789 0.552996
0.376369 0.558761
0.376838 0.564666
0.377215 0.570700
0.377514 0.576849
0.377753 0.583103
0.377947 0.589450
0.378111 0.595880
0.378258 0.602380
0.378400 0.608940
0.378551 0.615548
0.378719 0.622194
0.378914 0.628865
0.379143 0.635552
0.379411 0.642242
0.379723 0.648926
0.380083 0.655592
0.380491 0.662230
0.380948 0.668831
0.381452 0.675385
0.382001 0.681883
0.382591 0.688316
0.383217 0.694678
0.383875 0.700961
0.384557 0.707159
0.385257 0.713265
0.385966 0.719276
0.386678 0.725186
0.387383 0.730992
0.388074 0.736691
0.388742 0.742280
0.389378 0.747756
0.398564 0.759044
0.399202 0.763976
0.399790 0.768808
0.400321 0.773540
0.400788 0.778171
0.401187 0.782701
0.401510 0.787129
0.401753 0.791456
0.401911 0.795680
0.401977 0.799802
0.401948 0.803818
0.401817 0.807729
0.401582 0.811533
0.401235 0.815226
0.400774 0.818808
0.400193 0.822275
0.399488 0.825625
0.398654 0.828852
0.397687 0.831955
0.396582 0.834927
0.395335 0.837766
0.393941 0.840465
0.392396 0.843020
0.390697 0.845425
0.388839 0.847674
0.386821 0.849760
0.384638 0.851678
0.382288 0.853421
0.379770 0.854981
0.377083 0.856352
0.374227 0.857528
0.371202 0.858499
0.368009 0.859259
0.364652 0.859801
0.361133 0.860117
0.357458 0.860198
0.353632 0.860038
0.349662 0.859629
0.345557 0.858962
0.341327 0.858030
0.336981 0.856825
0.332532 0.855339
0.327992 0.853566
0.323376 0.851496
0.318699 0.849124
0.313976 0.846441
0.309223 0.843441
0.304459 0.840117
0.299701 0.836464
0.294966 0.832476
0.290274 0.828149
0.285643 0.823478
0.281091 0.818461
0.276636 0.813096
0.272296 0.807382
0.268090 0.801320
0.264034 0.794912
0.260145 0.788163
0.256438 0.781078
0.252929 0.773664
0.249631 0.765933
0.246559 0.757896
0.243725 0.749567
0.241139 0.740963
0.238814 0.732103
0.236758 0.723007
0.234980 0.713701
0.233487 0.704208
0.232287 0.694556
0.231385 0.684776
0.230785 0.674897
0.230491 0.664953
0.230505 0.654976
0.230830 0.645001
0.231464 0.635063
0.232409 0.625197
0.233661 0.615439
0.235217 0.605822
0.237073 0.596382
0.239224 0.587151
0.241662 0.578160
0.244380 0.569442
0.247366 0.561024
0.250610 0.552933
0.254099 0.545195
0.257818 0.537832
0.261752 0.530864
0.265884 0.524311
0.270194 0.518188
0.274663 0.512507
0.279269 0.507281
0.283990 0.502518
0.288802 0.498224
0.293682 0.494402
0.298605 0.491055
0.303546 0.488182
0.308480 0.485780
0.313383 0.483843
0.318231 0.482367
0.322999 0.481342
0.327666 0.480759
0.332212 0.480606
0.336615 0.480871
0.340859 0.481541
0.344928 0.482600
0.348808 0.484034
0.352487 0.485827
0.355955 0.487962
0.359206 0.490424
0.362234 0.493196
0.365037 0.496261
0.367615 0.499604
0.369968 0.503209
0.372100 0.507060
0.374018 0.511142
0.375727 0.515442
0.377237 0.519945
0.378558 0.524639
0.379701 0.529510
0.380678 0.534548
0.381503 0.539740
0.382190 0.545077
0.382753 0.550547
0.383206 0.556141
0.383564 0.561850
0.383842 0.567663
0.384055 0.573573
0.384216 0.579570
0.384340 0.585645
0.384439 0.591790
0.384525 0.597996
0.384611 0.604254
0.384706 0.610556
0.384820 0.616891
0.384962 0.623253
0.385137 0.629631
0.385354 0.636018
0.385615 0.642403
0.385926 0.648779
0.386287 0.655137
0.386701 0.661468
0.387168 0.667765
0.387686 0.674020
0.388254 0.680226
0.388868 0.686376
0.389525 0.692464
0.390219 0.698483
0.390947 0.704428
0.391701 0.710295
0.392476 0.716080
0.393265 0.721778
0.394060 0.727387
0.394855 0.732903
0.395642 0.738326
0.396413 0.743653
0.397162 0.748882
0.397881 0.754013
0.407558 0.764843
0.408274 0.769466
0.408944 0.774004
0.409562 0.778457
0.410124 0.782825
0.410624 0.787108
0.411059 0.791306
0.411423 0.795420
0.411713 0.799450
0.411923 0.803395
0.412051 0.807255
0.412092 0.811030
0.412043 0.814718
0.411900 0.818318
0.411659 0.821830
0.411316 0.825250
0.410869 0.828578
0.410312 0.831811
0.409642 0.834946
0.408856 0.837980
0.407949 0.840911
0.406918 0.843734
0.405759 0.846446
0.404468 0.849042
0.403042 0.851519
0.401476 0.853872
0.399768 0.856095
0.397914 0.858185
0.395912 0.860135
0.393758 0.861940
0.391450 0.863595
0.388987 0.865095
0.386368 0.866432
0.383591 0.867601
0.380657 0.868597
0.377567 0.869413
0.374322 0.870043
0.370925 0.870480
0.367379 0.870719
0.363688 0.870752
0.359857 0.870574
0.355892 0.870178
0.351801 0.869558
0.347592 0.868707
0.343273 0.867618
0.338856 0.866285
0.334349 0.864702
0.329766 0.862862
0.325119 0.860759
0.320421 0.858387
0.315686 0.855739
0.310929 0.852809
0.306164 0.849592
0.301407 0.846083
0.296674 0.842277
0.291979 0.838168
0.287340 0.833754
0.282771 0.829032
0.278289 0.823998
0.273908 0.818651
0.269644 0.812991
0.265511 0.807018
0.261523 0.800734
0.257694 0.794143
0.254037 0.787249
0.250565 0.780058
0.247288 0.772578
0.244219 0.764819
0.241366 0.756791
0.238741 0.748510
0.236350 0.739988
0.234203 0.731244
0.232307 0.722296
0.230668 0.713163
0.229292 0.703870
0.228184 0.694438
0.227347 0.684894
0.226787 0.675263
0.226505 0.665573
0.226503 0.655852
0.226783 0.646129
0.227345 0.636434
0.228189 0.626796
0.229314 0.617245
0.230717 0.607810
0.232396 0.598521
0.234347 0.589406
0.236564 0.580492
0.239042 0.571806
0.241774 0.563373
0.244752 0.555218
0.247966 0.547361
0.251407 0.539825
0.255061 0.532629
0.258917 0.525789
0.262960 0.519321
0.267174 0.513240
0.271545 0.507556
0.276053 0.502280
0.280681 0.497419
0.285409 0.492980
0.290218 0.488968
0.295086 0.485383
0.299992 0.482228
0.304914 0.479501
0.309832 0.477199
0.314725 0.475318
0.319570 0.473853
0.324347 0.472796
0.329038 0.472139
0.333622 0.471873
0.338083 0.471988
0.342403 0.472470
0.346569 0.473310
0.350567 0.474493
0.354385 0.476006
0.358013 0.477836
0.361443 0.479969
0.364669 0.482390
0.367687 0.485085
0.370494 0.488040
0.373089 0.491242
0.375473 0.494676
0.377648 0.498329
0.379620 0.502189
0.381393 0.506244
0.382974 0.510480
0.384371 0.514888
0.385594 0.519456
0.386652 0.524174
0.387557 0.529033
0.388320 0.534022
0.388954 0.539135
0.389471 0.544362
0.389883 0.549696
0.390204 0.555128
0.390446 0.560652
0.390623 0.566260
0.390747 0.571947
0.390831 0.577703
0.390886 0.583524
0.390923 0.589402
0.390954 0.595330
0.390988 0.601302
0.391034 0.607310
0.391102 0.613349
0.391198 0.619409
0.391330 0.625486
0.391503 0.631571
0.391721 0.637657
0.391989 0.643738
0.392309 0.649807
0.392683 0.655855
0.393112 0.661878
0.393596 0.667868
0.394133 0.673820
0.394723 0.679727
0.395362 0.685583
0.396047 0.691384
0.396774 0.697124
0.397540 0.702800
0.398337 0.708407
0.399162 0.713942
0.400009 0.719401
0.400871 0.724783
0.401742 0.730084
0.402615 0.735304
0.403485 0.740440
0.404345 0.745491
0.405189 0.750458
0.406009 0.755339
0.406801 0.760134
0.416967 0.770498
0.417753 0.774847
0.418496 0.779121
0.419191 0.783322
0.419834 0.787451
0.420422 0.791508
0.420949 0.795493
0.421414 0.799408
0.421812 0.803253
0.422141 0.807027
0.422397 0.810731
0.422576 0.814365
0.422677 0.817928
0.422696 0.821421
0.422630 0.824841
0.422477 0.828189
0.422233 0.831462
0.421895 0.834660
0.421461 0.837781
0.420927 0.840822
0.420291 0.843782
0.419548 0.846658
0.418697 0.849447
0.417732 0.852146
0.416652 0.854751
0.415452 0.857261
0.414129 0.859670
0.412680 0.861975
0.411102 0.864172
0.409392 0.866257
0.407545 0.868226
0.405561 0.870073
0.403436 0.871794
0.401168 0.873386
0.398755 0.874841
0.396196 0.876157
0.393490 0.877328
0.390637 0.878348
0.387637 0.879213
0.384490 0.879918
0.381198 0.880456
0.377764 0.880824
0.374190 0.881016
0.370481 0.881026
0.366640 0.880849
0.362673 0.880480
0.358586 0.879913
0.354387 0.879142
0.350082 0.878163
0.345682 0.876970
0.341194 0.875557
0.336629 0.873918
0.331999 0.872049
0.327313 0.869944
0.322585 0.867596
0.317826 0.865002
0.313049 0.862156
0.308268 0.859052
0.303496 0.855686
0.298747 0.852054
0.294034 0.848151
0.289371 0.843973
0.284772 0.839517
0.280250 0.834781
0.275819 0.829761
0.271491 0.824458
0.267280 0.818870
0.263197 0.812998
0.259255 0.806843
0.255465 0.800407
0.251837 0.793695
0.248383 0.786710
0.245111 0.779461
0.242031 0.771953
0.239151 0.764197
0.236480 0.756203
0.234024 0.747983
0.231790 0.739551
0.229785 0.730921
0.228014 0.722111
0.226482 0.713139
0.225193 0.704022
0.224152 0.694784
0.223361 0.685444
0.222823 0.676026
0.222542 0.666553
0.222517 0.657049
0.222751 0.647540
0.223243 0.638050
0.223994 0.628606
0.225004 0.619232
0.226270 0.609955
0.227791 0.600798
0.229564 0.591787
0.231586 0.582946
0.233852 0.574298
0.236358 0.565865
0.239098 0.557669
0.242065 0.549730
0.245251 0.542067
0.248647 0.534697
0.252245 0.527638
0.256033 0.520904
0.260000 0.514508
0.264133 0.508462
0.268419 0.502778
0.272842 0.497463
0.277389 0.492526
0.282042 0.487972
0.286784 0.483806
0.291598 0.480030
0.296466 0.476647
0.301369 0.473656
0.306288 0.471055
0.311205 0.468844
0.316101 0.467017
0.320956 0.465570
0.325754 0.464497
0.330475 0.463790
0.335104 0.463441
0.339624 0.463442
0.344020 0.463783
0.348278 0.464453
0.352385 0.465441
0.356330 0.466736
0.360103 0.468325
0.363696 0.470198
0.367101 0.472340
0.370313 0.474741
0.373328 0.477386
0.376143 0.480265
0.378758 0.483364
0.381173 0.486672
0.383390 0.490177
0.385412 0.493868
0.387244 0.497734
0.388891 0.501764
0.390359 0.505949
0.391657 0.510279
0.392793 0.514745
0.393775 0.519339
0.394614 0.524052
0.395321 0.528877
0.395905 0.533807
0.396378 0.538836
0.396752 0.543955
0.397038 0.549161
0.397247 0.554446
0.397391 0.559804
0.397481 0.565232
0.397529 0.570722
0.397545 0.576270
0.397540 0.581870
0.397523 0.587517
0.397505 0.593206
0.397494 0.598932
0.397498 0.604688
0.397525 0.610469
0.397582 0.616269
0.397675 0.622084
0.397809 0.627907
0.397990 0.633732
0.398220 0.639554
0.398503 0.645367
0.398840 0.651164
0.399234 0.656941
0.399684 0.662692
0.400190 0.668412
0.400752 0.674095
0.401368 0.679736
0.402035 0.685332
0.402751 0.690876
0.403511 0.696367
0.404313 0.701798
0.405152 0.707169
0.406022 0.712474
0.406919 0.717713
0.407838 0.722882
0.408773 0.727980
0.409718 0.733005
0.410668 0.737955
0.411616 0.742831
0.412557 0.747632
0.413486 0.752356
0.414397 0.757005
0.415284 0.761578
0.416143 0.766076
0.426802 0.775994
0.427651 0.780094
0.428458 0.784130
0.429220 0.788102
0.429933 0.792012
0.430594 0.795861
0.431201 0.799649
0.431750 0.803377
0.432238 0.807046
0.432664 0.810656
0.433024 0.814208
0.433316 0.817702
0.433538 0.821137
0.433688 0.824514
0.433763 0.827833
0.433761 0.831092
0.433680 0.834292
0.433518 0.837431
0.433272 0.840509
0.432940 0.843523
0.432519 0.846472
0.432007 0.849355
0.431402 0.852170
0.430699 0.854913
0.429897 0.857584
0.428992 0.860179
0.427982 0.862695
0.426863 0.865130
0.425632 0.867480
0.424287 0.869743
0.422823 0.871914
0.421239 0.873990
0.419531 0.875967
0.417696 0.877842
0.415731 0.879611
0.413635 0.881269
0.411405 0.882813
0.409039 0.884238
0.406536 0.885541
0.403894 0.886717
0.401113 0.887761
0.398193 0.888670
0.395134 0.889439
0.391936 0.890063
0.388602 0.890539
0.385132 0.890861
0.381531 0.891026
0.377801 0.891029
0.373946 0.890865
0.369971 0.890529
0.365881 0.890018
0.361683 0.889326
0.357384 0.888450
0.352990 0.887383
0.348511 0.886122
0.343954 0.884662
0.339329 0.882998
0.334646 0.881124
0.329916 0.879038
0.325148 0.876733
0.320356 0.874205
0.315549 0.871449
0.310739 0.868461
0.305939 0.865236
0.301161 0.861770
0.296417 0.858060
0.291719 0.854101
0.287079 0.849890
0.282509 0.845424
0.278021 0.840701
0.273626 0.835719
0.269335 0.830476
0.265160 0.824973
0.261110 0.819208
0.257197 0.813183
0.253428 0.806900
0.249815 0.800362
0.246364 0.793573
0.243085 0.786538
0.239985 0.779262
0.237071 0.771754
0.234351 0.764022
0.231829 0.756076
0.229513 0.747926
0.227406 0.739586
0.225515 0.731069
0.223842 0.722389
0.222393 0.713563
0.221170 0.704607
0.220177 0.695541
0.219416 0.686381
0.218890 0.677150
0.218599 0.667866
0.218546 0.658552
0.218732 0.649228
0.219157 0.639917
0.219820 0.630641
0.220723 0.621422
0.221864 0.612282
0.223242 0.603243
0.224855 0.594327
0.226700 0.585556
0.228776 0.576948
0.231077 0.568526
0.233601 0.560307
0.236342 0.552310
0.239294 0.544553
0.242452 0.537051
0.245808 0.529821
0.249354 0.522876
0.253081 0.516230
0.256980 0.509893
0.261040 0.503878
0.265250 0.498193
0.269598 0.492847
0.274071 0.487846
0.278654 0.483197
0.283334 0.478903
0.288096 0.474969
0.292923 0.471395
0.297800 0.468184
0.302710 0.465334
0.307637 0.462845
0.312563 0.460714
0.317473 0.458938
0.322348 0.457513
0.327174 0.456432
0.331933 0.455690
0.336611 0.455280
0.341192 0.455194
0.345662 0.455424
0.350009 0.455961
0.354220 0.456794
0.358285 0.457915
0.362192 0.459311
0.365934 0.460974
0.369503 0.462892
0.372894 0.465054
0.376100 0.467448
0.379118 0.470063
0.381947 0.472890
0.384585 0.475916
0.387032 0.479131
0.389290 0.482524
0.391361 0.486086
0.393249 0.489806
0.394958 0.493676
0.396494 0.497686
0.397864 0.501828
0.399073 0.506094
0.400131 0.510476
0.401045 0.514967
0.401824 0.519560
0.402478 0.524249
0.403017 0.529028
0.403450 0.533892
0.403788 0.538833
0.404041 0.543849
0.404219 0.548934
0.404333 0.554083
0.404393 0.559292
0.404409 0.564557
0.404392 0.569873
0.404350 0.575236
0.404293 0.580642
0.404230 0.586087
0.404169 0.591566
0.404119 0.597075
0.404087 0.602610
0.404079 0.608166
0.404102 0.613738
0.404162 0.619323
0.404264 0.624914
0.404412 0.630508
0.404609 0.636100
0.404860 0.641684
0.405165 0.647257
0.405527 0.652812
0.405946 0.658346
0.406424 0.663854
0.406959 0.669332
0.407550 0.674774
0.408196 0.680177
0.408895 0.685537
0.409645 0.690850
0.410441 0.696113
0.411281 0.701322
0.412160 0.706476
0.413074 0.711570
0.414019 0.716604
0.414990 0.721574
0.415982 0.726480
0.416990 0.731320
0.418008 0.736093
0.419031 0.740798
0.420055 0.745435
0.421074 0.750004
0.422082 0.754505
0.423075 0.758937
0.424049 0.763301
0.424997 0.767599
0.425917 0.771829
0.299228 0.660481
