0.699183 0.337268
0.687592 0.313863
0.688126 0.312060
0.700909 0.333419
0.712556 0.363878
0.715488 0.379173
0.710702 0.366659
0.694059 0.330429
0.676638 0.300703
0.663882 0.283030
0.663047 0.279745
0.675319 0.291575
0.694416 0.317866
0.711159 0.353779
0.720158 0.388899
0.722221 0.411447
0.720764 0.414330
0.716887 0.397252
0.708504 0.365969
0.688240 0.323035
0.668683 0.293287
0.649373 0.271285
0.635421 0.257794
0.631043 0.252644
0.637957 0.255837
0.654616 0.267995
0.676565 0.289829
0.698038 0.320791
0.714238 0.357763
0.723088 0.395017
0.725529 0.426008
0.724364 0.445715
0.722388 0.451706
0.720809 0.443743
0.718732 0.423196
0.713850 0.393030
0.703908 0.357837
0.681636 0.315169
0.661308 0.287294
0.639403 0.265078
0.618995 0.248795
0.603253 0.238028
0.594790 0.232154
0.595185 0.230787
0.604692 0.234049
0.622112 0.242604
0.644881 0.257416
0.669496 0.279260
0.692285 0.308092
0.710293 0.342492
0.721929 0.379527
0.727175 0.415293
0.727360 0.445968
0.724618 0.468769
0.721174 0.482265
0.718678 0.486098
0.717760 0.480500
0.717936 0.466007
0.717813 0.443521
0.715529 0.414576
0.709314 0.381530
0.698037 0.347380
0.674151 0.306921
0.653572 0.281494
0.630783 0.260516
0.607668 0.244102
0.586306 0.231915
0.568695 0.223365
0.556516 0.217819
0.550980 0.214778
0.552747 0.214023
0.561883 0.215686
0.577798 0.220252
0.599216 0.228481
0.624214 0.241251
0.650415 0.259324
0.675335 0.283076
0.696790 0.312209
0.713235 0.345551
0.723945 0.381075
0.729033 0.416203
0.729345 0.448344
0.726256 0.475415
0.721403 0.496129
0.716380 0.509968
0.712457 0.516945
0.710387 0.517317
0.710317 0.511370
0.711812 0.499343
0.713949 0.481506
0.715485 0.458324
0.715053 0.430649
0.711392 0.399833
0.703555 0.367657
0.691087 0.336086
0.665684 0.298393
0.644519 0.275019
0.620948 0.255478
0.596284 0.239812
0.572010 0.227754
0.549625 0.218828
0.530500 0.212459
0.515777 0.208069
0.506323 0.205164
0.502726 0.203412
0.505303 0.202695
0.514092 0.203141
0.528818 0.205118
0.548837 0.209204
0.573088 0.216118
0.600104 0.226632
0.628113 0.241450
0.655231 0.261071
0.679710 0.285626
0.700149 0.314729
0.715637 0.347387
0.725800 0.382034
0.730783 0.416728
0.731188 0.449478
0.727981 0.478587
0.722370 0.502885
0.715656 0.521780
0.709072 0.535170
0.703639 0.543263
0.700059 0.546389
0.698666 0.544857
0.699422 0.538868
0.701943 0.528504
0.705558 0.513788
0.709376 0.494782
0.712378 0.471723
0.713518 0.445136
0.711831 0.415902
0.706535 0.385227
0.697122 0.354516
0.683430 0.325173
0.656132 0.289697
0.634659 0.268598
0.610833 0.250824
0.585597 0.236382
0.560022 0.225072
0.535218 0.216545
0.512241 0.210355
0.492022 0.206012
0.475320 0.203027
0.462723 0.200956
0.454655 0.199442
0.451411 0.198247
0.453172 0.197279
0.460016 0.196611
0.471896 0.196476
0.488605 0.197260
0.509715 0.199473
0.534532 0.203710
0.562070 0.210608
0.591081 0.220788
0.620156 0.234790
0.647859 0.252997
0.672888 0.275539
0.694199 0.302209
0.711077 0.332388
0.723165 0.365041
0.730442 0.398787
0.733196 0.432078
0.731979 0.463415
0.727563 0.491558
0.720876 0.515659
0.712926 0.535288
0.704707 0.550381
0.697119 0.561130
0.690891 0.567864
0.686535 0.570941
0.684329 0.570666
0.684318 0.567236
0.686332 0.560728
0.690010 0.551113
0.694828 0.538295
0.700130 0.522180
0.705170 0.502751
0.709158 0.480150
0.711313 0.454744
0.710920 0.427154
0.707379 0.398240
0.700251 0.369023
0.689299 0.340570
0.674512 0.313865
0.645390 0.280952
0.623384 0.261877
0.599144 0.245802
0.573412 0.232708
0.547027 0.222435
0.520865 0.214713
0.495777 0.209196
0.472527 0.205487
0.451758 0.203169
0.433976 0.201823
0.419561 0.201057
0.408780 0.200526
0.401825 0.199957
0.398834 0.199166
0.399914 0.198076
0.405147 0.196728
0.414581 0.195280
0.428210 0.194003
0.445934 0.193267
0.467510 0.193522
0.492507 0.195273
0.520265 0.199054
0.549896 0.205402
0.580323 0.214818
0.610367 0.227736
0.638853 0.244470
0.664724 0.265159
0.687130 0.289702
0.705467 0.317707
0.719393 0.348461
0.728811 0.380954
0.733846 0.413964
0.734820 0.446201
0.732225 0.476466
0.726703 0.503788
0.719005 0.527510
0.709948 0.547301
0.700365 0.563119
0.691038 0.575137
0.682650 0.583666
0.675748 0.589068
0.670716 0.591700
0.667775 0.591854
0.666989 0.589733
0.668280 0.585432
0.671443 0.578943
0.676157 0.570170
0.682005 0.558965
0.688481 0.545161
0.695014 0.528628
0.700991 0.509327
0.705783 0.487357
0.708778 0.462996
0.709416 0.436723
0.707216 0.409197
0.701802 0.381215
0.692928 0.353634
0.680495 0.327280
0.664569 0.302870
0.633356 0.272288
0.611371 0.255560
0.587409 0.241443
0.562037 0.229910
0.535893 0.220841
0.509646 0.214044
0.483953 0.209271
0.459420 0.206236
0.436569 0.204626
0.415823 0.204113
0.397502 0.204363
0.381833 0.205054
0.368967 0.205880
0.359002 0.206573
0.352001 0.206907
0.348016 0.206718
0.347098 0.205911
0.349307 0.204469
0.354714 0.202453
0.363393 0.200008
0.375413 0.197353
0.390805 0.194773
0.409541 0.192612
0.431491 0.191251
0.456385 0.191101
0.483790 0.192584
0.513089 0.196121
0.543502 0.202115
0.574129 0.210938
0.604019 0.222902
0.632251 0.238239
0.658010 0.257060
0.680638 0.279318
0.699657 0.304767
0.714776 0.332937
0.725875 0.363133
0.732986 0.394469
0.736276 0.425942
0.736032 0.456533
0.732647 0.485314
0.726614 0.511533
0.718502 0.534669
0.708939 0.554440
0.698577 0.570783
0.688056 0.583808
0.677970 0.593752
0.668834 0.600925
0.661065 0.605661
0.654967 0.608282
0.650735 0.609065
0.648461 0.608227
0.648142 0.605902
0.649695 0.602148
0.652966 0.596940
0.657734 0.590190
0.663720 0.581753
0.670590 0.571457
0.677957 0.559124
0.685394 0.544602
0.692445 0.527796
0.698637 0.508700
0.703500 0.487428
0.706589 0.464227
0.707494 0.439489
0.705865 0.413731
0.701418 0.387566
0.693953 0.361652
0.683363 0.336639
0.669641 0.313109
0.652896 0.291542
0.619933 0.263843
0.597467 0.249017
0.573224 0.236589
0.547692 0.226521
0.521412 0.218712
0.494948 0.213006
0.468854 0.209210
0.443642 0.207100
0.419759 0.206428
0.397568 0.206927
0.377345 0.208322
0.359281 0.210330
0.343498 0.212671
0.330059 0.215071
0.318990 0.217275
0.310292 0.219055
0.303962 0.220219
0.299998 0.220617
0.298415 0.220155
0.299247 0.218797
0.302552 0.216569
0.308408 0.213559
0.316914 0.209919
0.328174 0.205858
0.342284 0.201632
0.359314 0.197539
0.379276 0.193907
0.402096 0.191082
0.427584 0.189420
0.455405 0.189281
0.485066 0.191015
0.515927 0.194960
0.547228 0.201428
0.578142 0.210700
0.607841 0.223004
0.635559 0.238498
0.660645 0.257239
0.682594 0.279156
0.701050 0.304017
0.715808 0.331411
0.726790 0.360742
0.734033 0.391258
0.737670 0.422100
0.737923 0.452378
0.735094 0.481254
0.729560 0.508017
0.721766 0.532130
0.712215 0.553251
0.701449 0.571231
0.690026 0.586086
0.678495 0.597962
0.667364 0.607099
0.657082 0.613792
0.648019 0.618357
0.640457 0.621108
0.634592 0.622326
0.630538 0.622250
0.628335 0.621062
0.627965 0.618875
0.629355 0.615742
0.632389 0.611647
0.636911 0.606517
0.642725 0.600231
0.649599 0.592630
0.657263 0.583534
0.665410 0.572759
0.673702 0.560137
0.681774 0.545537
0.689242 0.528888
0.695719 0.510202
0.700823 0.489590
0.704193 0.467274
0.705501 0.443590
0.704460 0.418973
0.700834 0.393937
0.694447 0.369035
0.685187 0.344819
0.673018 0.321802
0.657982 0.300423
0.640212 0.281023
0.605036 0.255761
0.582559 0.243007
0.558575 0.232386
0.533489 0.223859
0.507749 0.217342
0.481813 0.212720
0.456135 0.209848
0.431135 0.208562
0.407182 0.208677
0.384582 0.209996
0.363570 0.212310
0.344314 0.215397
0.326919 0.219030
0.311437 0.222980
0.297880 0.227015
0.286230 0.230910
0.276454 0.234452
0.268509 0.237444
0.262356 0.239715
0.257964 0.241121
0.255318 0.241558
0.254420 0.240960
0.255296 0.239307
0.257994 0.236626
0.262585 0.232992
0.269162 0.228525
0.277835 0.223389
0.288725 0.217787
0.301953 0.211955
0.317628 0.206153
0.335829 0.200658
0.356583 0.195760
0.379840 0.191749
0.405453 0.188916
0.433154 0.187545
0.462547 0.187911
0.493109 0.190275
0.524213 0.194885
0.555168 0.201963
0.585263 0.211706
0.613823 0.224266
0.640250 0.239738
0.664054 0.258138
0.684866 0.279381
0.702435 0.303258
0.716623 0.329423
0.727384 0.357389
0.734751 0.386543
0.738826 0.416181
0.739771 0.445561
0.737807 0.473961
0.733205 0.500736
0.726293 0.525362
0.717445 0.547463
0.707079 0.566815
0.695642 0.583336
0.683594 0.597066
0.671391 0.608145
0.659461 0.616781
0.648190 0.623228
0.637907 0.627765
0.628874 0.630672
0.621286 0.632220
0.615273 0.632648
0.610908 0.632165
0.608212 0.630931
0.607167 0.629059
0.607723 0.626614
0.609802 0.623608
0.613303 0.620009
0.618104 0.615740
0.624064 0.610690
0.631016 0.604717
0.638771 0.597662
0.647115 0.589355
0.655804 0.579626
0.664575 0.568323
0.673142 0.555320
0.681206 0.540538
0.688459 0.523951
0.694597 0.505609
0.699326 0.485641
0.702370 0.464261
0.703480 0.441766
0.702440 0.418527
0.699067 0.394967
0.693226 0.371538
0.684822 0.348688
0.673816 0.326838
0.660222 0.306358
0.644119 0.287548
0.625651 0.270633
0.588596 0.248191
0.566012 0.237330
0.542169 0.228399
0.517423 0.221357
0.492158 0.216136
0.466763 0.212643
0.441618 0.210767
0.417076 0.210383
0.393447 0.211351
0.370988 0.213523
0.349901 0.216735
0.330328 0.220820
0.312361 0.225595
0.296044 0.230875
0.281383 0.236465
0.268356 0.242170
0.256919 0.247791
0.247017 0.253135
0.238589 0.258016
0.231575 0.262260
0.225921 0.265710
0.221581 0.268231
0.218524 0.269712
0.216734 0.270074
0.216212 0.269271
0.216978 0.267289
0.219073 0.264156
0.222557 0.259932
0.227510 0.254718
0.234032 0.248648
0.242236 0.241890
0.252247 0.234638
0.264197 0.227108
0.278216 0.219536
0.294417 0.212164
0.312889 0.205243
0.333672 0.199022
0.356746 0.193744
0.382003 0.189648
0.409238 0.186963
0.438134 0.185907
0.468264 0.186688
0.499104 0.189503
0.530061 0.194535
0.560512 0.201949
0.589840 0.211886
0.617482 0.224454
0.642954 0.239713
0.665867 0.257658
0.685937 0.278205
0.702975 0.301172
0.716881 0.326266
0.727623 0.353079
0.735232 0.381102
0.739788 0.409741
0.741414 0.438360
0.740275 0.466324
0.736576 0.493044
0.730562 0.518015
0.722519 0.540842
0.712773 0.561254
0.701681 0.579100
0.689626 0.594343
0.677001 0.607035
0.664198 0.617308
0.651590 0.625348
0.639517 0.631377
0.628273 0.635641
0.618103 0.638395
0.609193 0.639886
0.601677 0.640349
0.595638 0.639995
0.591115 0.639002
0.588113 0.637519
0.586608 0.635651
0.586554 0.633466
0.587891 0.630995
0.590545 0.628229
0.594433 0.625123
0.599459 0.621603
0.605519 0.617566
0.612493 0.612886
0.620246 0.607422
0.628623 0.601020
0.637452 0.593524
0.646538 0.584783
0.655668 0.574656
0.664611 0.563029
0.673124 0.549817
0.680956 0.534980
0.687857 0.518530
0.693580 0.500541
0.697890 0.481152
0.700570 0.460570
0.701423 0.439065
0.700279 0.416961
0.696995 0.394620
0.691460 0.372421
0.683598 0.350743
0.673371 0.329941
0.660782 0.310330
0.645882 0.292173
0.628771 0.275677
0.609605 0.260987
0.570571 0.241290
0.547858 0.232201
0.524125 0.224878
0.499693 0.219282
0.474899 0.215352
0.450081 0.213015
0.425565 0.212182
0.401647 0.212757
0.378591 0.214631
0.356612 0.217689
0.335878 0.221806
0.316511 0.226851
0.298585 0.232680
0.282136 0.239145
0.267168 0.246086
0.253655 0.253340
0.241554 0.260735
0.230808 0.268098
0.221350 0.275254
0.213111 0.282031
0.206022 0.288264
0.200019 0.293794
0.195043 0.298479
0.191044 0.302190
0.187985 0.304818
0.185840 0.306276
0.184594 0.306502
0.184251 0.305459
0.184828 0.303140
0.186359 0.299567
0.188891 0.294792
0.192493 0.288897
0.197244 0.281994
0.203243 0.274221
0.210601 0.265745
0.219439 0.256750
0.229889 0.247439
0.242084 0.238029
0.256155 0.228739
0.272221 0.219795
0.290377 0.211417
0.310679 0.203819
0.333131 0.197208
0.357668 0.191781
0.384140 0.187723
0.412301 0.185211
0.441807 0.184412
0.472222 0.185483
0.503036 0.188576
0.533696 0.193827
0.563636 0.201364
0.592318 0.211292
0.619256 0.223690
0.644045 0.238599
0.666363 0.256006
0.685981 0.275836
0.702748 0.297931
0.716583 0.322042
0.727465 0.347827
0.735419 0.374854
0.740509 0.402615
0.742831 0.430557
0.742512 0.458112
0.739710 0.484740
0.734613 0.509954
0.727442 0.533353
0.718454 0.554634
0.707934 0.573598
0.696197 0.590144
0.683580 0.604258
0.670430 0.616003
0.657092 0.625501
0.643899 0.632919
0.631157 0.638456
0.619136 0.642331
0.608061 0.644773
0.598112 0.646012
0.589420 0.646267
0.582074 0.645746
0.576119 0.644634
0.571572 0.643090
0.568420 0.641247
0.566632 0.639205
0.566161 0.637033
0.566952 0.634768
0.568946 0.632416
0.572076 0.629955
0.576275 0.627336
0.581470 0.624485
0.587582 0.621308
0.594525 0.617692
0.602203 0.613511
0.610506 0.608630
0.619307 0.602906
0.628466 0.596197
0.637823 0.588367
0.647201 0.579290
0.656409 0.568859
0.665246 0.556991
0.673500 0.543639
0.680959 0.528795
0.687413 0.512497
0.692658 0.494838
0.696503 0.475962
0.698769 0.456070
0.699299 0.435412
0.697955 0.414275
0.694622 0.392978
0.689209 0.371848
0.681655 0.351210
0.671924 0.331370
0.660017 0.312601
0.645971 0.295134
0.629860 0.279154
0.611805 0.264799
0.591972 0.252161
0.550947 0.235216
0.528323 0.227864
0.504923 0.222117
0.481033 0.217937
0.456946 0.215275
0.432952 0.214069
0.409323 0.214253
0.386310 0.215750
0.364127 0.218480
0.342951 0.222355
0.322922 0.227280
0.304137 0.233153
0.286658 0.239867
0.270513 0.247304
0.255702 0.255340
0.242204 0.263842
0.229977 0.272671
0.218970 0.281680
0.209119 0.290719
0.200357 0.299634
0.192615 0.308272
0.185823 0.316480
0.179916 0.324111
0.174832 0.331024
0.170514 0.337089
0.166914 0.342188
0.163991 0.346214
0.161714 0.349080
0.160062 0.350714
0.159022 0.351062
0.158596 0.350092
0.158795 0.347793
0.159643 0.344174
0.161175 0.339269
0.163440 0.333138
0.166500 0.325861
0.170427 0.317545
0.175308 0.308319
0.181240 0.298333
0.188332 0.287755
0.196701 0.276770
0.206472 0.265571
0.217774 0.254360
0.230735 0.243339
0.245476 0.232709
0.262104 0.222665
0.280698 0.213393
0.301303 0.205067
0.323914 0.197852
0.348459 0.191902
0.374795 0.187358
0.402690 0.184357
0.431831 0.183024
0.461823 0.183481
0.492209 0.185842
0.522493 0.190217
0.552166 0.196706
0.580742 0.205396
0.607778 0.216358
0.632897 0.229636
0.655795 0.245238
0.676246 0.263124
0.694095 0.283197
0.709250 0.305289
0.721671 0.329155
0.731361 0.354472
0.738354 0.380844
0.742715 0.407818
0.744529 0.434904
0.743904 0.461604
0.740971 0.487444
0.735886 0.511993
0.728830 0.534893
0.720012 0.555864
0.709669 0.574711
0.698064 0.591325
0.685482 0.605670
0.672223 0.617777
0.658593 0.627729
0.644896 0.635653
0.631418 0.641709
0.618424 0.646081
0.606145 0.648964
0.594775 0.650565
0.584465 0.651087
0.575329 0.650732
0.567441 0.649687
0.560839 0.648128
0.555536 0.646208
0.551518 0.644060
0.548756 0.641793
0.547207 0.639491
0.546823 0.637212
0.547550 0.634988
0.549334 0.632827
0.552118 0.630714
0.555851 0.628613
0.560478 0.626468
0.565945 0.624206
0.572196 0.621738
0.579168 0.618962
0.586794 0.615765
0.594995 0.612028
0.603680 0.607626
0.612746 0.602432
0.622074 0.596320
0.631531 0.589173
0.640969 0.580881
0.650228 0.571353
0.659139 0.560515
0.667525 0.548322
0.675206 0.534760
0.682003 0.519852
0.687743 0.503663
0.692259 0.486300
0.695397 0.467916
0.697015 0.448704
0.696987 0.428894
0.695204 0.408746
0.691577 0.388536
0.686033 0.368546
0.678526 0.349053
0.669029 0.330314
0.657545 0.312562
0.644102 0.295992
0.628763 0.280767
0.611625 0.267007
0.592823 0.254798
0.572528 0.244194
0.529754 0.230132
0.507430 0.224457
0.484568 0.220232
0.461419 0.217423
0.438234 0.215989
0.415258 0.215883
0.392716 0.217051
0.370811 0.219438
0.349717 0.222980
0.329577 0.227614
0.310499 0.233266
0.292563 0.239862
0.275814 0.247319
0.260275 0.255548
0.245945 0.264453
0.232802 0.273930
0.220812 0.283868
0.209929 0.294148
0.200096 0.304646
0.191254 0.315232
0.183340 0.325773
0.176287 0.336134
0.170033 0.346179
0.164514 0.355775
0.159671 0.364794
0.155448 0.373112
0.151795 0.380614
0.148665 0.387194
0.146020 0.392757
0.143825 0.397217
0.142056 0.400503
0.140693 0.402554
0.139726 0.403323
0.139152 0.402778
0.138976 0.400900
0.139213 0.397686
0.139887 0.393151
0.141030 0.387325
0.142683 0.380257
0.144899 0.372016
0.147738 0.362689
0.151269 0.352385
0.155573 0.341230
0.160739 0.329368
0.166863 0.316960
0.174051 0.304176
0.182416 0.291198
0.192075 0.278211
0.203147 0.265400
0.215750 0.252949
0.229998 0.241032
0.245989 0.229816
0.263803 0.219456
0.283490 0.210095
0.305059 0.201863
0.328467 0.194881
0.353610 0.189260
0.380312 0.185102
0.408325 0.182504
0.437329 0.181558
0.466942 0.182353
0.496735 0.184974
0.526259 0.189502
0.555066 0.196015
0.582731 0.204577
0.608877 0.215242
0.633185 0.228043
0.655401 0.242984
0.675336 0.260031
0.692862 0.279103
0.707901 0.300065
0.720420 0.322717
0.730419 0.346794
0.737925 0.371972
0.742987 0.397871
0.745670 0.424071
0.746056 0.450140
0.744245 0.475646
0.740351 0.500189
0.734512 0.523412
0.726884 0.545023
0.717647 0.564795
0.707008 0.582575
0.695193 0.598274
0.682448 0.611865
0.669037 0.623376
0.655227 0.632876
0.641287 0.640472
0.627477 0.646298
0.614038 0.650508
0.601187 0.653272
0.589110 0.654768
0.577959 0.655178
0.567850 0.654685
0.558867 0.653463
0.551060 0.651681
0.544451 0.649493
0.539040 0.647039
0.534806 0.644442
0.531716 0.641803
0.529727 0.639207
0.528789 0.636715
0.528851 0.634368
0.529861 0.632189
0.531770 0.630179
0.534533 0.628324
0.538104 0.626591
0.542444 0.624934
0.547514 0.623292
0.553276 0.621591
0.559690 0.619750
0.566713 0.617674
0.574298 0.615264
0.582388 0.612416
0.590917 0.609018
0.599810 0.604962
0.608977 0.600136
0.618318 0.594434
0.627718 0.587757
0.637052 0.580014
0.646184 0.571128
0.654969 0.561040
0.663258 0.549713
0.670900 0.537136
0.677743 0.523325
0.683638 0.508332
0.688444 0.492242
0.692028 0.475175
0.694267 0.457288
0.695048 0.438766
0.694274 0.419822
0.691862 0.400686
0.687742 0.381599
0.681861 0.362800
0.674185 0.344523
0.664698 0.326981
0.653406 0.310368
0.640338 0.294846
0.625548 0.280550
0.609121 0.267584
0.591169 0.256021
0.571837 0.245912
0.551298 0.237280
0.507069 0.226203
0.485112 0.222107
0.462837 0.219331
0.440465 0.217849
0.418211 0.217624
0.396281 0.218619
0.374860 0.220792
0.354113 0.224101
0.334176 0.228496
0.315162 0.233930
0.297156 0.240346
0.280214 0.247688
0.264371 0.255892
0.249641 0.264887
0.236019 0.274600
0.223484 0.284946
0.212004 0.295837
0.201538 0.307175
0.192037 0.318858
0.183447 0.330776
0.175712 0.342813
0.168773 0.354853
0.162571 0.366775
0.157049 0.378458
0.152149 0.389782
0.147817 0.400632
0.144000 0.410896
0.140650 0.420469
0.137722 0.429250
0.135173 0.437151
0.132968 0.444087
0.131075 0.449986
0.129466 0.454782
0.128119 0.458418
0.127018 0.460848
0.126154 0.462031
0.125522 0.461938
0.125125 0.460547
0.124970 0.457847
0.125073 0.453835
0.125457 0.448522
0.126151 0.441930
0.127189 0.434095
0.128616 0.425069
0.130482 0.414917
0.132843 0.403725
0.135765 0.391594
0.139320 0.378643
0.143586 0.365009
0.148649 0.350840
0.154603 0.336298
0.161547 0.321553
0.169584 0.306781
0.178823 0.292156
0.189374 0.277850
0.201347 0.264029
0.214846 0.250849
0.229966 0.238454
0.246788 0.226976
0.265366 0.216532
0.285724 0.207229
0.307847 0.199163
0.331664 0.192420
0.357051 0.187077
0.383817 0.183209
0.411709 0.180886
0.440411 0.180173
0.469561 0.181138
0.498763 0.183845
0.527607 0.188356
0.555692 0.194732
0.582642 0.203024
0.608127 0.213276
0.631868 0.225512
0.653643 0.239738
0.673289 0.255926
0.690691 0.274013
0.705783 0.293890
0.718531 0.315396
0.728934 0.338315
0.737011 0.362377
0.742800 0.387263
0.746352 0.412616
0.747731 0.438054
0.747012 0.463189
0.744283 0.487646
0.739647 0.511081
0.733224 0.533194
0.725152 0.553738
0.715589 0.572527
0.704715 0.589432
0.692729 0.604381
0.679850 0.617351
0.666310 0.628366
0.652349 0.637484
0.638210 0.644796
0.624130 0.650413
0.610333 0.654470
0.597024 0.657113
0.584382 0.658498
0.572559 0.658786
0.561673 0.658142
0.551816 0.656728
0.543047 0.654703
0.535398 0.652216
0.528880 0.649408
0.523480 0.646406
0.519173 0.643323
0.515921 0.640256
0.513679 0.637286
0.512396 0.634475
0.512021 0.631871
0.512503 0.629501
0.513793 0.627379
0.515847 0.625504
0.518624 0.623858
0.522088 0.622413
0.526208 0.621129
0.530954 0.619952
0.536301 0.618823
0.542223 0.617670
0.548693 0.616418
0.555684 0.614982
0.563162 0.613272
0.571087 0.611197
0.579413 0.608659
0.588083 0.605561
0.597031 0.601807
0.606179 0.597299
0.615437 0.591949
0.624707 0.585670
0.633878 0.578388
0.642832 0.570039
0.651445 0.560574
0.659587 0.549963
0.667128 0.538197
0.673935 0.525291
0.679880 0.511286
0.684841 0.496255
0.688699 0.480295
0.691348 0.463536
0.692686 0.446133
0.692627 0.428263
0.691091 0.410122
0.688015 0.391916
0.683346 0.373855
0.677045 0.356147
0.669088 0.338989
0.659467 0.322560
0.648194 0.307022
0.635298 0.292511
0.620833 0.279139
0.604873 0.266993
0.587520 0.256137
0.568900 0.246614
0.549165 0.238447
0.528490 0.231645
0.483026 0.223600
0.461670 0.221017
0.440200 0.219633
0.418805 0.219423
0.397666 0.220360
0.376947 0.222414
0.356799 0.225552
0.337348 0.229742
0.318702 0.234947
0.300945 0.241129
0.284137 0.248247
0.268320 0.256257
0.253516 0.265109
0.239732 0.274750
0.226959 0.285121
0.215178 0.296155
0.204360 0.307780
0.194467 0.319918
0.185457 0.332484
0.177285 0.345385
0.169901 0.358525
0.163255 0.371802
0.157294 0.385111
0.151967 0.398346
0.147224 0.411399
0.143015 0.424165
0.139290 0.436542
0.136004 0.448429
0.133111 0.459734
0.130570 0.470370
0.128340 0.480255
0.126386 0.489316
0.124674 0.497487
0.123173 0.504709
0.121856 0.510929
0.120701 0.516100
0.119689 0.520182
0.118805 0.523139
0.118039 0.524941
0.117385 0.525561
0.116841 0.524978
0.116413 0.523175
0.116108 0.520139
0.115940 0.515863
0.115929 0.510348
0.116098 0.503601
0.116476 0.495638
0.117099 0.486487
0.118005 0.476186
0.119241 0.464788
0.120855 0.452362
0.122905 0.438992
0.125451 0.424779
0.128560 0.409839
0.132304 0.394304
0.136762 0.378320
0.142015 0.362044
0.148152 0.345637
0.155267 0.329267
0.163454 0.313100
0.172813 0.297297
0.183443 0.282012
0.195442 0.267388
0.208903 0.253557
0.223907 0.240634
0.240524 0.228725
0.258798 0.217920
0.278749 0.208299
0.300356 0.199930
0.323558 0.192877
0.348241 0.187194
0.374237 0.182933
0.401320 0.180144
0.429216 0.178875
0.457603 0.179174
0.486130 0.181091
0.514429 0.184675
0.542138 0.189972
0.568910 0.197028
0.594434 0.205882
0.618442 0.216562
0.640716 0.229082
0.661085 0.243436
0.679427 0.259591
0.695661 0.277482
0.709741 0.297003
0.721650 0.318006
0.731391 0.340294
0.738987 0.363626
0.744470 0.387720
0.747886 0.412261
0.749288 0.436911
0.748737 0.461327
0.746306 0.485174
0.742076 0.508138
0.736144 0.529944
0.728620 0.550356
0.719633 0.569191
0.709327 0.586311
0.697869 0.601630
0.685439 0.615106
0.672236 0.626734
0.658470 0.636548
0.644356 0.644606
0.630112 0.650991
0.615952 0.655807
0.602076 0.659171
0.588668 0.661212
0.575891 0.662068
0.563883 0.661883
0.552755 0.660803
0.542591 0.658974
0.533447 0.656539
0.525359 0.653639
0.518335 0.650405
0.512370 0.646958
0.507440 0.643412
0.503512 0.639864
0.500542 0.636401
0.498482 0.633094
0.497280 0.630000
0.496886 0.627161
0.497249 0.624606
0.498321 0.622351
0.500060 0.620399
0.502426 0.618740
0.505387 0.617356
0.508914 0.616215
0.512981 0.615281
0.517570 0.614507
0.522663 0.613839
0.528243 0.613217
0.534297 0.612575
0.540807 0.611843
0.547756 0.610944
0.555120 0.609800
0.562873 0.608328
0.570980 0.606446
0.579398 0.604067
0.588076 0.601108
0.596953 0.597484
0.605959 0.593116
0.615014 0.587928
0.624030 0.581850
0.632908 0.574821
0.641545 0.566792
0.649832 0.557725
0.657658 0.547600
0.664907 0.536412
0.671468 0.524180
0.677229 0.510942
0.682084 0.496762
0.685932 0.481725
0.688678 0.465941
0.690236 0.449544
0.690529 0.432685
0.689486 0.415529
0.687050 0.398255
0.683170 0.381044
0.677811 0.364078
0.670944 0.347532
0.662558 0.331571
0.652653 0.316342
0.641246 0.301976
0.628371 0.288585
0.614079 0.276258
0.598443 0.265066
0.581555 0.255061
0.563531 0.246278
0.544504 0.238737
0.524629 0.232447
0.504075 0.227405
0.457817 0.222496
0.437176 0.221348
0.416602 0.221297
0.396255 0.222322
0.376281 0.224400
0.356815 0.227508
0.337971 0.231621
0.319848 0.236712
0.302524 0.242754
0.286059 0.249717
0.270497 0.257569
0.255863 0.266276
0.242169 0.275797
0.229414 0.286090
0.217588 0.297107
0.206669 0.308792
0.196631 0.321087
0.187440 0.333925
0.179059 0.347232
0.171448 0.360931
0.164564 0.374938
0.158363 0.389163
0.152801 0.403513
0.147833 0.417894
0.143414 0.432210
0.139499 0.446363
0.136047 0.460260
0.133014 0.473810
0.130359 0.486926
0.128042 0.499526
0.126027 0.511534
0.124275 0.522882
0.122753 0.533508
0.121427 0.543356
0.120268 0.552377
0.119248 0.560528
0.118340 0.567771
0.117522 0.574075
0.116775 0.579408
0.116081 0.583747
0.115426 0.587069
0.114802 0.589351
0.114200 0.590576
0.113618 0.590724
0.113058 0.589779
0.112523 0.587724
0.112022 0.584546
0.111569 0.580232
0.111178 0.574771
0.110872 0.568158
0.110675 0.560391
0.110614 0.551476
0.110724 0.541424
0.111038 0.530260
0.111599 0.518018
0.112451 0.504745
0.113640 0.490506
0.115221 0.475379
0.117249 0.459459
0.119784 0.442858
0.122891 0.425704
0.126641 0.408137
0.131105 0.390309
0.136362 0.372377
0.142494 0.354504
0.149585 0.336852
0.157723 0.319576
0.166999 0.302824
0.177501 0.286735
0.189317 0.271433
0.202529 0.257028
0.217212 0.243616
0.233424 0.231280
0.251207 0.220088
0.270577 0.210101
0.291517 0.201368
0.313975 0.193931
0.337852 0.187830
0.363003 0.183099
0.389234 0.179774
0.416303 0.177886
0.443928 0.177473
0.471798 0.178569
0.499582 0.181213
0.526948 0.185442
0.553574 0.191294
0.579165 0.198804
0.603459 0.208001
0.626236 0.218905
0.647321 0.231524
0.666578 0.245845
0.683914 0.261834
0.699268 0.279428
0.712608 0.298527
0.723925 0.318996
0.733225 0.340660
0.740530 0.363303
0.745869 0.386673
0.749281 0.410491
0.750811 0.434457
0.750508 0.458262
0.748433 0.481602
0.744650 0.504191
0.739239 0.525769
0.732287 0.546111
0.723898 0.565034
0.714191 0.582397
0.703302 0.598100
0.691384 0.612083
0.678604 0.624324
0.665143 0.634829
0.651195 0.643635
0.636955 0.650800
0.622624 0.656400
0.608394 0.660528
0.594449 0.663289
0.580958 0.664800
0.568070 0.665182
0.555913 0.664564
0.544592 0.663078
0.534185 0.660856
0.524749 0.658030
0.516317 0.654729
0.508903 0.651077
0.502502 0.647192
0.497096 0.643182
0.492653 0.639146
0.489132 0.635171
0.486489 0.631336
0.484673 0.627702
0.483631 0.624322
0.483312 0.621235
0.483667 0.618469
0.484649 0.616038
0.486215 0.613949
0.488327 0.612197
0.490952 0.610769
0.494063 0.609641
0.497637 0.608786
0.501655 0.608166
0.506102 0.607740
0.510969 0.607460
0.516246 0.607273
0.521926 0.607122
0.528001 0.606947
0.534462 0.606682
0.541298 0.606261
0.548496 0.605612
0.556035 0.604664
0.563890 0.603342
0.572029 0.601573
0.580413 0.599282
0.588993 0.596394
0.597712 0.592840
0.606506 0.588551
0.615302 0.583464
0.624019 0.577522
0.632569 0.570676
0.640860 0.562887
0.648796 0.554127
0.656276 0.544383
0.663203 0.533657
0.669475 0.521967
0.674996 0.509352
0.679674 0.495869
0.683419 0.481596
0.686148 0.466630
0.687786 0.451086
0.688262 0.435097
0.687517 0.418808
0.685495 0.402374
0.682152 0.385953
0.677453 0.369707
0.671372 0.353792
0.663893 0.338355
0.655011 0.323534
0.644737 0.309451
0.633091 0.296213
0.620113 0.283908
0.605854 0.272610
0.590387 0.262375
0.573801 0.253244
0.556201 0.245245
0.537711 0.238395
0.518471 0.232699
0.498633 0.228157
0.478359 0.224760
0.431696 0.223070
0.411906 0.223295
0.392341 0.224530
0.373131 0.226757
0.354393 0.229958
0.336231 0.234113
0.318732 0.239204
0.301967 0.245209
0.285993 0.252107
0.270848 0.259873
0.256561 0.268482
0.243144 0.277905
0.230602 0.288109
0.218926 0.299058
0.208104 0.310710
0.198113 0.323020
0.188928 0.335935
0.180519 0.349396
0.172852 0.363341
0.165892 0.377699
0.159602 0.392395
0.153944 0.407350
0.148879 0.422480
0.144369 0.437699
0.140375 0.452918
0.136859 0.468050
0.133784 0.483009
0.131111 0.497709
0.128804 0.512071
0.126828 0.526018
0.125148 0.539482
0.123729 0.552396
0.122540 0.564706
0.121549 0.576359
0.120724 0.587312
0.120037 0.597528
0.119460 0.606973
0.118968 0.615621
0.118536 0.623450
0.118143 0.630440
0.117767 0.636575
0.117391 0.641842
0.117000 0.646228
0.116581 0.649720
0.116124 0.652308
0.115623 0.653979
0.115072 0.654721
0.114470 0.654520
0.113821 0.653361
0.113129 0.651230
0.112402 0.648108
0.111653 0.643980
0.110897 0.638826
0.110151 0.632631
0.109437 0.625380
0.108779 0.617059
0.108205 0.607662
0.107745 0.597184
0.107433 0.585632
0.107303 0.573019
0.107396 0.559372
0.107754 0.544730
0.108420 0.529146
0.109443 0.512693
0.110874 0.495456
0.112768 0.477542
0.115181 0.459070
0.118174 0.440176
0.121812 0.421006
0.126163 0.401716
0.131299 0.382466
0.137293 0.363415
0.144224 0.344720
0.152171 0.326529
0.161216 0.308978
0.171438 0.292193
0.182918 0.276283
0.195729 0.261341
0.209937 0.247448
0.225598 0.234669
0.242750 0.223057
0.261410 0.212655
0.281568 0.203500
0.303180 0.195619
0.326166 0.189037
0.350404 0.183777
0.375728 0.179861
0.401931 0.177311
0.428767 0.176152
0.455960 0.176408
0.483213 0.178108
0.510223 0.181282
0.536690 0.185961
0.562330 0.192175
0.586889 0.199953
0.610144 0.209316
0.631911 0.220280
0.652045 0.232849
0.670436 0.247009
0.687009 0.262725
0.701717 0.279939
0.714536 0.298562
0.725460 0.318471
0.734498 0.339510
0.741668 0.361486
0.746997 0.384178
0.750518 0.407334
0.752268 0.430686
0.752288 0.453955
0.750627 0.476863
0.747339 0.499145
0.742486 0.520556
0.736139 0.540878
0.728382 0.559929
0.719312 0.577562
0.709041 0.593668
0.697695 0.608172
0.685417 0.621034
0.672363 0.632243
0.658700 0.641811
0.644607 0.649777
0.630267 0.656194
0.615861 0.661134
0.601570 0.664681
0.587563 0.666929
0.573997 0.667981
0.561012 0.667949
0.548727 0.666948
0.537241 0.665096
0.526631 0.662516
0.516952 0.659329
0.508239 0.655655
0.500507 0.651610
0.493754 0.647307
0.487967 0.642852
0.483115 0.638342
0.479164 0.633866
0.476070 0.629503
0.473782 0.625321
0.472252 0.621379
0.471425 0.617722
0.471252 0.614387
0.471682 0.611400
0.472669 0.608775
0.474171 0.606519
0.476150 0.604631
0.478573 0.603099
0.481412 0.601906
0.484644 0.601031
0.488252 0.600442
0.492220 0.600107
0.496540 0.599986
0.501206 0.600037
0.506212 0.600213
0.511557 0.600464
0.517238 0.600737
0.523255 0.600975
0.529604 0.601122
0.536278 0.601115
0.543270 0.600893
0.550566 0.600391
0.558147 0.599544
0.565990 0.598286
0.574062 0.596551
0.582325 0.594276
0.590734 0.591395
0.599234 0.587848
0.607765 0.583577
0.616259 0.578530
0.624642 0.572661
0.632834 0.565929
0.640753 0.558306
0.648310 0.549771
0.655417 0.540317
0.661987 0.529951
0.667930 0.518694
0.673161 0.506583
0.677597 0.493673
0.681160 0.480035
0.683776 0.465756
0.685378 0.450941
0.685904 0.435707
0.685298 0.420182
0.683512 0.404504
0.680506 0.388814
0.676246 0.373254
0.670708 0.357965
0.663875 0.343082
0.655741 0.328728
0.646310 0.315018
0.635599 0.302052
0.623636 0.289916
0.610462 0.278681
0.596134 0.268406
0.580724 0.259134
0.564318 0.250898
0.547019 0.243720
0.528942 0.237610
0.510217 0.232575
0.490982 0.228612
0.471383 0.225714
0.451571 0.223871
0.703693 0.343480
