0.477142 0.250725
0.456227 0.246722
0.456776 0.245128
0.478889 0.247184
0.505039 0.253385
0.515326 0.258080
0.503131 0.256149
0.468179 0.251206
0.439823 0.247357
0.422546 0.245214
0.421535 0.243313
0.437629 0.241979
0.466606 0.243502
0.499677 0.249609
0.526827 0.258778
0.541204 0.266507
0.540522 0.268672
0.525605 0.264694
0.499528 0.257587
0.458506 0.251841
0.428907 0.248921
0.405018 0.247906
0.389956 0.247322
0.385686 0.245887
0.393031 0.243315
0.411575 0.240612
0.439306 0.239671
0.472396 0.242299
0.505725 0.249172
0.534296 0.259233
0.554674 0.269917
0.565443 0.278153
0.566627 0.281648
0.558779 0.279746
0.542547 0.273535
0.518926 0.265274
0.489852 0.257453
0.448140 0.252697
0.419353 0.250807
0.393837 0.250875
0.373357 0.251909
0.359189 0.252759
0.352162 0.252447
0.352775 0.250464
0.361261 0.246958
0.377516 0.242748
0.400892 0.239133
0.429965 0.237553
0.462432 0.239182
0.495358 0.244576
0.525737 0.253443
0.551154 0.264636
0.570190 0.276368
0.582427 0.286646
0.588136 0.293757
0.587836 0.296651
0.581960 0.295112
0.570724 0.289727
0.554226 0.281703
0.532713 0.272595
0.506881 0.263975
0.478054 0.257104
0.437105 0.253847
0.409836 0.252957
0.384656 0.253938
0.362624 0.256155
0.344531 0.258820
0.330913 0.261105
0.322118 0.262267
0.318381 0.261778
0.319891 0.259427
0.326802 0.255371
0.339213 0.250140
0.357066 0.244562
0.380022 0.239641
0.407324 0.236395
0.437718 0.235700
0.469512 0.238138
0.500774 0.243891
0.529648 0.252682
0.554651 0.263777
0.574861 0.276073
0.589945 0.288254
0.600038 0.299005
0.605563 0.307213
0.607017 0.312117
0.604813 0.313375
0.599181 0.311065
0.590153 0.305634
0.577625 0.297829
0.561475 0.288597
0.541710 0.278980
0.518603 0.269984
0.492775 0.262458
0.465197 0.256990
0.425433 0.255367
0.399295 0.255443
0.374724 0.257314
0.352436 0.260535
0.332970 0.264547
0.316689 0.268719
0.303814 0.272407
0.294471 0.275018
0.288743 0.276072
0.286707 0.275260
0.288466 0.272487
0.294155 0.267898
0.303923 0.261871
0.317890 0.254991
0.336083 0.247986
0.358347 0.241658
0.384262 0.236793
0.413080 0.234083
0.443726 0.234055
0.474874 0.237016
0.505105 0.243012
0.533095 0.251802
0.557789 0.262863
0.578505 0.275427
0.594956 0.288552
0.607197 0.301233
0.615535 0.312512
0.620411 0.321588
0.622288 0.327886
0.621565 0.331084
0.618506 0.331113
0.613219 0.328132
0.605657 0.322495
0.595661 0.314718
0.583023 0.305442
0.567558 0.295388
0.549194 0.285308
0.528036 0.275918
0.504417 0.267844
0.478908 0.261564
0.452280 0.257373
0.413166 0.257339
0.388476 0.258340
0.365037 0.261008
0.343344 0.265034
0.323770 0.270028
0.306568 0.275541
0.291886 0.281086
0.279791 0.286169
0.270301 0.290322
0.263412 0.293129
0.259124 0.294265
0.257462 0.293521
0.258488 0.290826
0.262303 0.286262
0.269048 0.280063
0.278881 0.272607
0.291955 0.264390
0.308375 0.255991
0.328150 0.248030
0.351138 0.241123
0.376994 0.235834
0.405142 0.232647
0.434780 0.231928
0.464930 0.233902
0.494530 0.238638
0.522552 0.246028
0.548114 0.255787
0.570561 0.267454
0.589504 0.280422
0.604814 0.293974
0.616588 0.307351
0.625092 0.319813
0.630692 0.330704
0.633800 0.339502
0.634805 0.345842
0.634037 0.349519
0.631726 0.350481
0.627988 0.348811
0.622823 0.344701
0.616132 0.338446
0.607736 0.330421
0.597417 0.321074
0.584960 0.310906
0.570195 0.300450
0.553045 0.290244
0.533557 0.280799
0.511932 0.272566
0.488530 0.265907
0.463853 0.261078
0.438511 0.258217
0.400357 0.259849
0.376866 0.261768
0.354470 0.265254
0.333533 0.270078
0.314330 0.275953
0.297044 0.282544
0.281778 0.289482
0.268570 0.296375
0.257413 0.302826
0.248268 0.308449
0.241089 0.312887
0.235833 0.315835
0.232478 0.317055
0.231026 0.316389
0.231517 0.313779
0.234030 0.309269
0.238677 0.303011
0.245603 0.295262
0.254972 0.286374
0.266950 0.276774
0.281680 0.266944
0.299254 0.257393
0.319672 0.248625
0.342810 0.241117
0.368384 0.235296
0.395934 0.231517
0.424827 0.230052
0.454291 0.231081
0.483478 0.234675
0.511540 0.240794
0.537711 0.249278
0.561371 0.259840
0.582088 0.272080
0.599627 0.285491
0.613941 0.299497
0.625141 0.313484
0.633462 0.326849
0.639218 0.339042
0.642768 0.349597
0.644472 0.358160
0.644664 0.364491
0.643623 0.368462
0.641551 0.370043
0.638567 0.369289
0.634700 0.366326
0.629896 0.361338
0.624032 0.354560
0.616930 0.346277
0.608379 0.336816
0.598167 0.326543
0.586098 0.315855
0.572028 0.305161
0.555885 0.294872
0.537693 0.285374
0.517588 0.277016
0.495818 0.270086
0.472741 0.264804
0.448802 0.261310
0.424501 0.259665
0.387068 0.262987
0.365281 0.265725
0.344447 0.269870
0.324824 0.275259
0.306606 0.281693
0.289924 0.288937
0.274852 0.296733
0.261416 0.304798
0.249605 0.312834
0.239377 0.320538
0.230678 0.327609
0.223444 0.333761
0.217615 0.338730
0.213142 0.342286
0.209988 0.344240
0.208142 0.344457
0.207616 0.342859
0.208450 0.339435
0.210712 0.334240
0.214497 0.327402
0.219927 0.319117
0.227141 0.309646
0.236292 0.299306
0.247532 0.288458
0.261002 0.277491
0.276808 0.266802
0.295006 0.256785
0.315570 0.247812
0.338380 0.240219
0.363192 0.234299
0.389637 0.230293
0.417222 0.228388
0.445355 0.228707
0.473383 0.231311
0.500640 0.236188
0.526503 0.243253
0.550436 0.252341
0.572022 0.263206
0.590982 0.275525
0.607175 0.288905
0.620584 0.302903
0.631304 0.317048
0.639513 0.330867
0.645455 0.343914
0.649412 0.355796
0.651684 0.366187
0.652566 0.374839
0.652332 0.381587
0.651219 0.386337
0.649413 0.389063
0.647045 0.389789
0.644182 0.388587
0.640832 0.385561
0.636944 0.380845
0.632420 0.374597
0.627117 0.367005
0.620869 0.358278
0.613489 0.348656
0.604794 0.338400
0.594612 0.327793
0.582802 0.317132
0.569267 0.306721
0.553970 0.296854
0.536941 0.287811
0.518289 0.279839
0.498201 0.273150
0.476935 0.267909
0.454816 0.264232
0.432207 0.262184
0.409497 0.261780
0.373377 0.266849
0.352770 0.270452
0.333067 0.275373
0.314464 0.281482
0.297104 0.288626
0.281085 0.296626
0.266460 0.305280
0.253243 0.314368
0.241418 0.323655
0.230945 0.332896
0.221768 0.341838
0.213822 0.350232
0.207038 0.357836
0.201347 0.364419
0.196691 0.369772
0.193019 0.373713
0.190296 0.376089
0.188505 0.376785
0.187647 0.375725
0.187746 0.372879
0.188847 0.368266
0.191018 0.361952
0.194348 0.354061
0.198946 0.344764
0.204940 0.334284
0.212467 0.322886
0.221674 0.310872
0.232705 0.298569
0.245694 0.286317
0.260748 0.274458
0.277938 0.263319
0.297273 0.253209
0.318692 0.244406
0.342040 0.237152
0.367066 0.231651
0.393410 0.228066
0.420623 0.226518
0.448182 0.227083
0.475524 0.229793
0.502084 0.234627
0.527337 0.241513
0.550827 0.250320
0.572196 0.260856
0.591191 0.272868
0.607669 0.286050
0.621589 0.300045
0.632998 0.314465
0.642021 0.328908
0.648838 0.342976
0.653675 0.356300
0.656783 0.368553
0.658426 0.379466
0.658869 0.388831
0.658359 0.396504
0.657122 0.402400
0.655345 0.406487
0.653178 0.408773
0.650721 0.409303
0.648030 0.408144
0.645110 0.405383
0.641925 0.401122
0.638397 0.395476
0.634414 0.388576
0.629839 0.380565
0.624512 0.371606
0.618268 0.361880
0.610937 0.351586
0.602361 0.340942
0.592399 0.330180
0.580941 0.319542
0.567917 0.309270
0.553301 0.299600
0.537126 0.290755
0.519482 0.282933
0.500519 0.276305
0.480446 0.271010
0.459519 0.267150
0.438032 0.264791
0.416301 0.263964
0.394647 0.264662
0.359368 0.271531
0.340288 0.275895
0.322046 0.281448
0.304783 0.288093
0.288603 0.295717
0.273575 0.304186
0.259736 0.313351
0.247094 0.323051
0.235634 0.333109
0.225324 0.343338
0.216115 0.353544
0.207950 0.363528
0.200767 0.373092
0.194500 0.382040
0.189085 0.390184
0.184462 0.397346
0.180576 0.403364
0.177382 0.408092
0.174844 0.411405
0.172938 0.413201
0.171656 0.413402
0.171002 0.411958
0.170996 0.408849
0.171674 0.404087
0.173090 0.397717
0.175312 0.389822
0.178424 0.380521
0.182523 0.369969
0.187720 0.358359
0.194135 0.345914
0.201895 0.332884
0.211128 0.319540
0.221961 0.306161
0.234506 0.293031
0.248860 0.280426
0.265086 0.268606
0.283207 0.257813
0.303192 0.248262
0.324943 0.240141
0.348287 0.233608
0.372972 0.228794
0.398670 0.225797
0.424985 0.224692
0.451477 0.225519
0.477677 0.228290
0.503125 0.232982
0.527393 0.239536
0.550106 0.247852
0.570962 0.257789
0.589741 0.269160
0.606302 0.281734
0.620585 0.295243
0.632596 0.309385
0.642407 0.323837
0.650137 0.338270
0.655945 0.352361
0.660020 0.365807
0.662573 0.378340
0.663823 0.389734
0.663994 0.399812
0.663301 0.408444
0.661947 0.415547
0.660114 0.421080
0.657956 0.425038
0.655597 0.427442
0.653126 0.428336
0.650600 0.427777
0.648039 0.425833
0.645428 0.422580
0.642723 0.418097
0.639853 0.412469
0.636720 0.405789
0.633209 0.398156
0.629190 0.389679
0.624522 0.380482
0.619063 0.370701
0.612670 0.360487
0.605211 0.350006
0.596565 0.339433
0.586635 0.328956
0.575350 0.318762
0.562670 0.309040
0.548595 0.299970
0.533166 0.291718
0.516467 0.284437
0.498627 0.278254
0.479816 0.273277
0.460238 0.269586
0.440127 0.267237
0.419733 0.266262
0.399311 0.266667
0.379112 0.268436
0.345141 0.277138
0.327420 0.282260
0.310497 0.288471
0.294474 0.295693
0.279426 0.303837
0.265401 0.312800
0.252422 0.322468
0.240493 0.332714
0.229599 0.343401
0.219710 0.354385
0.210787 0.365511
0.202779 0.376620
0.195632 0.387551
0.189288 0.398142
0.183686 0.408232
0.178768 0.417665
0.174478 0.426294
0.170762 0.433979
0.167573 0.440592
0.164868 0.446017
0.162615 0.450153
0.160789 0.452912
0.159374 0.454223
0.158366 0.454030
0.157770 0.452298
0.157605 0.449009
0.157901 0.444168
0.158698 0.437801
0.160050 0.429961
0.162024 0.420728
0.164694 0.410210
0.168149 0.398543
0.172483 0.385890
0.177802 0.372444
0.184214 0.358415
0.191834 0.344034
0.200776 0.329539
0.211149 0.315176
0.223055 0.301185
0.236579 0.287795
0.251786 0.275224
0.268706 0.263666
0.287332 0.253296
0.307606 0.244265
0.329414 0.236702
0.352577 0.230712
0.376855 0.226380
0.401950 0.223769
0.427510 0.222923
0.453153 0.223867
0.478481 0.226600
0.503103 0.231102
0.526654 0.237325
0.548815 0.245192
0.569322 0.254594
0.587974 0.265389
0.604636 0.277400
0.619233 0.290418
0.631748 0.304202
0.642217 0.318492
0.650714 0.333011
0.657354 0.347478
0.662276 0.361620
0.665644 0.375181
0.667637 0.387934
0.668444 0.399683
0.668255 0.410273
0.667262 0.419588
0.665645 0.427548
0.663575 0.434113
0.661202 0.439269
0.658657 0.443027
0.656046 0.445421
0.653449 0.446494
0.650918 0.446301
0.648480 0.444899
0.646135 0.442352
0.643858 0.438720
0.641601 0.434067
0.639298 0.428455
0.636863 0.421952
0.634197 0.414626
0.631190 0.406554
0.627723 0.397820
0.623673 0.388519
0.618916 0.378757
0.613331 0.368651
0.606805 0.358333
0.599234 0.347943
0.590532 0.337627
0.580631 0.327538
0.569486 0.317831
0.557083 0.308654
0.543434 0.300150
0.528587 0.292452
0.512623 0.285678
0.495656 0.279929
0.477831 0.275290
0.459320 0.271826
0.440317 0.269584
0.421026 0.268594
0.401661 0.268867
0.382430 0.270399
0.363530 0.273167
0.330805 0.283773
0.314343 0.289654
0.298650 0.296539
0.283801 0.304365
0.269848 0.313058
0.256823 0.322535
0.244739 0.332705
0.233596 0.343467
0.223376 0.354709
0.214054 0.366315
0.205593 0.378160
0.197952 0.390115
0.191081 0.402046
0.184932 0.413819
0.179449 0.425297
0.174581 0.436348
0.170273 0.446844
0.166474 0.456659
0.163135 0.465677
0.160209 0.473790
0.157655 0.480897
0.155435 0.486907
0.153519 0.491739
0.151882 0.495322
0.150506 0.497593
0.149381 0.498502
0.148505 0.498008
0.147885 0.496081
0.147536 0.492705
0.147484 0.487875
0.147761 0.481603
0.148410 0.473919
0.149484 0.464871
0.151043 0.454528
0.153155 0.442983
0.155897 0.430351
0.159353 0.416771
0.163613 0.402407
0.168773 0.387440
0.174931 0.372069
0.182190 0.356504
0.190650 0.340961
0.200409 0.325656
0.211559 0.310798
0.224180 0.296587
0.238334 0.283207
0.254061 0.270822
0.271370 0.259580
0.290234 0.249607
0.310580 0.241009
0.332287 0.233874
0.355180 0.228274
0.379034 0.224265
0.403576 0.221888
0.428492 0.221169
0.453446 0.222121
0.478090 0.224741
0.502082 0.229011
0.525104 0.234891
0.546872 0.242322
0.567150 0.251219
0.585751 0.261471
0.602543 0.272941
0.617443 0.285461
0.630417 0.298840
0.641475 0.312862
0.650661 0.327294
0.658054 0.341893
0.663758 0.356414
0.667898 0.370619
0.670616 0.384287
0.672069 0.397217
0.672421 0.409238
0.671838 0.420212
0.670491 0.430031
0.668542 0.438623
0.666148 0.445946
0.663454 0.451983
0.660589 0.456742
0.657666 0.460247
0.654776 0.462537
0.651991 0.463658
0.649360 0.463663
0.646912 0.462606
0.644654 0.460542
0.642574 0.457523
0.640640 0.453600
0.638805 0.448822
0.637005 0.443237
0.635164 0.436890
0.633197 0.429833
0.631006 0.422117
0.628491 0.413800
0.625544 0.404949
0.622058 0.395638
0.617924 0.385952
0.613038 0.375986
0.607301 0.365844
0.600625 0.355642
0.592932 0.345499
0.584159 0.335544
0.574261 0.325903
0.563217 0.316705
0.551023 0.308072
0.537707 0.300121
0.523318 0.292959
0.507936 0.286682
0.491664 0.281370
0.474633 0.277093
0.456989 0.273905
0.438900 0.271846
0.420541 0.270942
0.402091 0.271206
0.383730 0.272638
0.365627 0.275227
0.347939 0.278949
0.316475 0.291545
0.301327 0.298127
0.286913 0.305626
0.273284 0.313989
0.260476 0.323156
0.248507 0.333058
0.237385 0.343621
0.227103 0.354763
0.217645 0.366396
0.208988 0.378423
0.201100 0.390744
0.193945 0.403253
0.187484 0.415842
0.181672 0.428399
0.176464 0.440811
0.171815 0.452968
0.167677 0.464760
0.164004 0.476082
0.160751 0.486831
0.157873 0.496913
0.155328 0.506238
0.153076 0.514722
0.151081 0.522291
0.149311 0.528876
0.147736 0.534413
0.146331 0.538848
0.145079 0.542130
0.143964 0.544216
0.142980 0.545068
0.142125 0.544652
0.141404 0.542942
0.140828 0.539920
0.140417 0.535571
0.140196 0.529894
0.140197 0.522895
0.140460 0.514593
0.141030 0.505021
0.141960 0.494229
0.143308 0.482284
0.145139 0.469274
0.147522 0.455305
0.150533 0.440506
0.154251 0.425023
0.158759 0.409020
0.164145 0.392676
0.170496 0.376178
0.177901 0.359719
0.186447 0.343490
0.196218 0.327680
0.207289 0.312464
0.219728 0.298007
0.233585 0.284458
0.248892 0.271947
0.265655 0.260587
0.283849 0.250476
0.303414 0.241691
0.324248 0.234300
0.346207 0.228353
0.369105 0.223893
0.392713 0.220948
0.416771 0.219540
0.440990 0.219679
0.465070 0.221366
0.488710 0.224589
0.511621 0.229327
0.533538 0.235541
0.554227 0.243176
0.573497 0.252158
0.591196 0.262392
0.607216 0.273759
0.621490 0.286120
0.633991 0.299311
0.644722 0.313150
0.653720 0.327438
0.661045 0.341965
0.666780 0.356518
0.671026 0.370885
0.673897 0.384865
0.675523 0.398270
0.676040 0.410936
0.675591 0.422723
0.674324 0.433518
0.672384 0.443236
0.669917 0.451821
0.667061 0.459239
0.663946 0.465482
0.660691 0.470558
0.657400 0.474494
0.654166 0.477324
0.651061 0.479093
0.648144 0.479849
0.645453 0.479645
0.643012 0.478530
0.640826 0.476554
0.638886 0.473762
0.637169 0.470197
0.635635 0.465897
0.634238 0.460898
0.632915 0.455235
0.631598 0.448939
0.630211 0.442045
0.628669 0.434590
0.626885 0.426611
0.624767 0.418156
0.622222 0.409276
0.619157 0.400033
0.615478 0.390494
0.611100 0.380739
0.605938 0.370853
0.599917 0.360931
0.592972 0.351073
0.585049 0.341385
0.576108 0.331973
0.566125 0.322945
0.555095 0.314406
0.543030 0.306456
0.529967 0.299188
0.515960 0.292689
0.501086 0.287034
0.485443 0.282287
0.469146 0.278504
0.452326 0.275727
0.435126 0.273988
0.417695 0.273311
0.400188 0.273705
0.382754 0.275175
0.365539 0.277712
0.348677 0.281303
0.332287 0.285924
0.302277 0.300561
0.288463 0.307786
0.275341 0.315840
0.262945 0.324679
0.251298 0.334252
0.240408 0.344502
0.230277 0.355369
0.220896 0.366784
0.212250 0.378675
0.204316 0.390964
0.197069 0.403569
0.190477 0.416403
0.184508 0.429377
0.179124 0.442399
0.174289 0.455376
0.169963 0.468217
0.166107 0.480828
0.162681 0.493123
0.159646 0.505014
0.156963 0.516420
0.154592 0.527264
0.152497 0.537474
0.150642 0.546984
0.148993 0.555734
0.147518 0.563668
0.146188 0.570736
0.144976 0.576892
0.143858 0.582097
0.142816 0.586312
0.141833 0.589503
0.140898 0.591640
0.140003 0.592694
0.139146 0.592639
0.138331 0.591451
0.137564 0.589109
0.136859 0.585595
0.136234 0.580896
0.135712 0.575002
0.135322 0.567911
0.135099 0.559627
0.135079 0.550165
0.135308 0.539552
0.135832 0.527826
0.136705 0.515044
0.137983 0.501275
0.139727 0.486610
0.142000 0.471156
0.144871 0.455037
0.148411 0.438394
0.152691 0.421382
0.157788 0.404165
0.163777 0.386914
0.170735 0.369802
0.178737 0.352998
0.187854 0.336667
0.198154 0.320961
0.209695 0.306022
0.222526 0.291974
0.236680 0.278928
0.252172 0.266978
0.268994 0.256202
0.287109 0.246667
0.306451 0.238424
0.326920 0.231517
0.348379 0.225978
0.370656 0.221832
0.393548 0.219096
0.416824 0.217782
0.440234 0.217895
0.463517 0.219434
0.486412 0.222388
0.508666 0.226740
0.530047 0.232460
0.550347 0.239508
0.569391 0.247827
0.587038 0.257347
0.603179 0.267977
0.617743 0.279610
0.630688 0.292118
0.642001 0.305357
0.651697 0.319164
0.659811 0.333367
0.666397 0.347781
0.671528 0.362222
0.675289 0.376503
0.677778 0.390447
0.679103 0.403889
0.679379 0.416682
0.678729 0.428696
0.677279 0.439826
0.675155 0.449991
0.672486 0.459132
0.669397 0.467212
0.666007 0.474215
0.662430 0.480142
0.658769 0.485010
0.655119 0.488846
0.651561 0.491690
0.648163 0.493583
0.644980 0.494572
0.642053 0.494707
0.639409 0.494036
0.637061 0.492603
0.635011 0.490452
0.633247 0.487623
0.631748 0.484149
0.630479 0.480063
0.629401 0.475391
0.628463 0.470158
0.627607 0.464386
0.626771 0.458098
0.625887 0.451315
0.624880 0.444060
0.623676 0.436362
0.622196 0.428252
0.620360 0.419766
0.618088 0.410948
0.615301 0.401849
0.611922 0.392527
0.607879 0.383048
0.603103 0.373484
0.597533 0.363915
0.591114 0.354425
0.583804 0.345102
0.575568 0.336036
0.566387 0.327317
0.556255 0.319033
0.545180 0.311271
0.533189 0.304111
0.520324 0.297627
0.506643 0.291886
0.492223 0.286947
0.477154 0.282862
0.461542 0.279672
0.445501 0.277411
0.429156 0.276104
0.412634 0.275768
0.396067 0.276412
0.379580 0.278040
0.363296 0.280646
0.347328 0.284221
0.331778 0.288747
0.316736 0.294203
0.288340 0.310929
0.275775 0.318789
0.263864 0.327402
0.252630 0.336727
0.242083 0.346722
0.232226 0.357337
0.223057 0.368520
0.214563 0.380214
0.206731 0.392355
0.199539 0.404879
0.192964 0.417716
0.186980 0.430792
0.181559 0.444032
0.176669 0.457360
0.172278 0.470696
0.168356 0.483963
0.164867 0.497084
0.161778 0.509981
0.159056 0.522583
0.156666 0.534819
0.154576 0.546624
0.152751 0.557935
0.151159 0.568696
0.149768 0.578855
0.148547 0.588363
0.147468 0.597178
0.146501 0.605262
0.145620 0.612580
0.144801 0.619101
0.144022 0.624797
0.143263 0.629642
0.142508 0.633613
0.141743 0.636687
0.140958 0.638843
0.140146 0.640060
0.139305 0.640317
0.138435 0.639595
0.137542 0.637875
0.136636 0.635135
0.135728 0.631359
0.134838 0.626530
0.133986 0.620632
0.133198 0.613654
0.132504 0.605589
0.131937 0.596438
0.131534 0.586206
0.131336 0.574911
0.131386 0.562581
0.131730 0.549256
0.132420 0.534994
0.133507 0.519866
0.135046 0.503959
0.137096 0.487380
0.139716 0.470247
0.142970 0.452696
0.146920 0.434872
0.151632 0.416927
0.157172 0.399020
0.163606 0.381310
0.171000 0.363949
0.179417 0.347086
0.188916 0.330857
0.199551 0.315387
0.211368 0.300786
0.224401 0.287150
0.238672 0.274560
0.254184 0.263084
0.270922 0.252777
0.288843 0.243684
0.307881 0.235839
0.327939 0.229269
0.348889 0.223994
0.370576 0.220029
0.392818 0.217383
0.415410 0.216063
0.438130 0.216070
0.460750 0.217402
0.483036 0.220049
0.504768 0.223999
0.525734 0.229228
0.545747 0.235707
0.564645 0.243393
0.582292 0.252232
0.598581 0.262156
0.613436 0.273081
0.626807 0.284908
0.638667 0.297521
0.649015 0.310790
0.657866 0.324570
0.665256 0.338706
0.671234 0.353035
0.675861 0.367392
0.679213 0.381611
0.681373 0.395533
0.682432 0.409010
0.682490 0.421905
0.681652 0.434100
0.680027 0.445496
0.677728 0.456012
0.674867 0.465590
0.671557 0.474189
0.667908 0.481787
0.664027 0.488380
0.660014 0.493977
0.655961 0.498599
0.651953 0.502277
0.648064 0.505049
0.644356 0.506958
0.640883 0.508049
0.637685 0.508371
0.634790 0.507968
0.632217 0.506886
0.629973 0.505165
0.628054 0.502844
0.626448 0.499957
0.625134 0.496532
0.624083 0.492597
0.623258 0.488171
0.622617 0.483273
0.622112 0.477920
0.621689 0.472124
0.621291 0.465901
0.620856 0.459262
0.620321 0.452224
0.619619 0.444804
0.618682 0.437024
0.617440 0.428909
0.615825 0.420492
0.613768 0.411809
0.611202 0.402905
0.608062 0.393829
0.604286 0.384640
0.599819 0.375399
0.594608 0.366175
0.588610 0.357040
0.581787 0.348070
0.574114 0.339341
0.565573 0.330932
0.556158 0.322919
0.545877 0.315375
0.534749 0.308372
0.522809 0.301974
0.510104 0.296242
0.496696 0.291229
0.482658 0.286982
0.468076 0.283542
0.453046 0.280941
0.437673 0.279205
0.422064 0.278354
0.406332 0.278402
0.390589 0.279356
0.374944 0.281217
0.359500 0.283983
0.344355 0.287645
0.329596 0.292191
0.315298 0.297602
0.301529 0.303856
0.274795 0.322755
0.263480 0.331184
0.252777 0.340288
0.242696 0.350032
0.233243 0.360377
0.224415 0.371280
0.216205 0.382695
0.208602 0.394572
0.201591 0.406858
0.195153 0.419497
0.189268 0.432428
0.183913 0.445591
0.179065 0.458920
0.174696 0.472352
0.170782 0.485819
0.167295 0.499257
0.164206 0.512598
0.161490 0.525781
0.159116 0.538741
0.157056 0.551421
0.155283 0.563763
0.153768 0.575716
0.152483 0.587230
0.151399 0.598262
0.150488 0.608770
0.149725 0.618719
0.149082 0.628077
0.148533 0.636813
0.148053 0.644905
0.147619 0.652329
0.147209 0.659066
0.146801 0.665098
0.146378 0.670409
0.145920 0.674986
0.145415 0.678813
0.144849 0.681877
0.144214 0.684165
0.143502 0.685662
0.142709 0.686353
0.141835 0.686223
0.140882 0.685254
0.139856 0.683430
0.138767 0.680732
0.137627 0.677141
0.136451 0.672637
0.135258 0.667201
0.134072 0.660816
0.132916 0.653465
0.131819 0.645135
0.130811 0.635818
0.129927 0.625510
0.129202 0.614215
0.128674 0.601947
0.128383 0.588729
0.128373 0.574596
0.128688 0.559600
0.129373 0.543803
0.130478 0.527285
0.132053 0.510141
0.134148 0.492478
0.136818 0.474420
0.140116 0.456098
0.144098 0.437652
0.148822 0.419227
0.154342 0.400968
0.160718 0.383018
0.168003 0.365514
0.176251 0.348582
0.185512 0.332340
0.195833 0.316892
0.207251 0.302329
0.219795 0.288726
0.233485 0.276150
0.248323 0.264652
0.264298 0.254274
0.281377 0.245048
0.299505 0.236999
0.318605 0.230145
0.338573 0.224501
0.359282 0.220074
0.380580 0.216872
0.402296 0.214897
0.424243 0.214151
0.446222 0.214630
0.468030 0.216332
0.489465 0.219246
0.510334 0.223359
0.530459 0.228653
0.549677 0.235100
0.567850 0.242666
0.584862 0.251305
0.600620 0.260961
0.615055 0.271565
0.628123 0.283032
0.639796 0.295268
0.650069 0.308161
0.658951 0.321590
0.666466 0.335422
0.672651 0.349516
0.677553 0.363725
0.681231 0.377902
0.683750 0.391902
0.685186 0.405586
0.685618 0.418821
0.685133 0.431492
0.683824 0.443494
0.681784 0.454741
0.679112 0.465163
0.675909 0.474707
0.672274 0.483337
0.668305 0.491034
0.664099 0.497793
0.659749 0.503619
0.655339 0.508533
0.650952 0.512560
0.646659 0.515736
0.642524 0.518099
0.638602 0.519693
0.634939 0.520561
0.631569 0.520748
0.628520 0.520299
0.625808 0.519256
0.623442 0.517657
0.621421 0.515538
0.619736 0.512932
0.618373 0.509866
0.617309 0.506364
0.616517 0.502445
0.615964 0.498128
0.615611 0.493423
0.615417 0.488342
0.615335 0.482893
0.615317 0.477084
0.615311 0.470921
0.615262 0.464413
0.615114 0.457568
0.614810 0.450398
0.614290 0.442918
0.613495 0.435146
0.612365 0.427106
0.610842 0.418826
0.608867 0.410339
0.606384 0.401685
0.603340 0.392910
0.599684 0.384062
0.595371 0.375199
0.590358 0.366378
0.584611 0.357663
0.578100 0.349118
0.570806 0.340811
0.562716 0.332807
0.553826 0.325173
0.544145 0.317971
0.533689 0.311263
0.522490 0.305106
0.510586 0.299551
0.498029 0.294647
0.484882 0.290435
0.471216 0.286951
0.457112 0.284227
0.442658 0.282287
0.427946 0.281152
0.413072 0.280835
0.398133 0.281348
0.383224 0.282694
0.368440 0.284874
0.353866 0.287886
0.339584 0.291721
0.325668 0.296370
0.312180 0.301817
0.299177 0.308045
0.286703 0.315032
0.261775 0.336137
0.251637 0.345115
0.242070 0.354699
0.233077 0.364853
0.224659 0.375543
0.216809 0.386731
0.209518 0.398373
0.202775 0.410427
0.196565 0.422844
0.190871 0.435575
0.185674 0.448567
0.180955 0.461768
0.176693 0.475121
0.172867 0.488571
0.169454 0.502060
0.166431 0.515533
0.163776 0.528933
0.161465 0.542205
0.159474 0.555297
0.157781 0.568159
0.156360 0.580741
0.155189 0.593000
0.154242 0.604895
0.153497 0.616386
0.152929 0.627440
0.152514 0.638026
0.152228 0.648117
0.152048 0.657690
0.151950 0.666723
0.151912 0.675200
0.151912 0.683106
0.151927 0.690427
0.151938 0.697152
0.151925 0.703274
0.151869 0.708782
0.151755 0.713671
0.151565 0.717931
0.151288 0.721557
0.150911 0.724541
0.150426 0.726874
0.149825 0.728548
0.149104 0.729552
0.148261 0.729875
0.147297 0.729504
0.146215 0.728424
0.145022 0.726620
0.143726 0.724073
0.142340 0.720766
0.140877 0.716677
0.139355 0.711785
0.137794 0.706070
0.136216 0.699510
0.134644 0.692085
0.133106 0.683775
0.131629 0.674566
0.130245 0.664444
0.128986 0.653404
0.127885 0.641445
0.126978 0.628576
0.126301 0.614815
0.125893 0.600192
0.125792 0.584749
0.126041 0.568542
0.126680 0.551640
0.127754 0.534128
0.129306 0.516104
0.131381 0.497679
0.134027 0.478972
0.137291 0.460114
0.141222 0.441239
0.145868 0.422482
0.151279 0.403977
0.157503 0.385855
0.164588 0.368238
0.172581 0.351238
0.181524 0.334957
0.191456 0.319484
0.202412 0.304895
0.214417 0.291253
0.227489 0.278611
0.241632 0.267010
0.256838 0.256483
0.273083 0.247054
0.290324 0.238740
0.308499 0.231554
0.327526 0.225504
0.347299 0.220595
0.367694 0.216831
0.388569 0.214212
0.409763 0.212738
0.431105 0.212407
0.452416 0.213216
0.473516 0.215159
0.494227 0.218229
0.514379 0.222412
0.533816 0.227694
0.552396 0.234052
0.569998 0.241456
0.586519 0.249869
0.601876 0.259243
0.616007 0.269522
0.628869 0.280636
0.640436 0.292503
0.650696 0.305030
0.659655 0.318114
0.667327 0.331640
0.673740 0.345484
0.678931 0.359517
0.682944 0.373607
0.685832 0.387622
0.687656 0.401429
0.688480 0.414906
0.688376 0.427937
0.687421 0.440416
0.685696 0.452253
0.683284 0.463370
0.680273 0.473704
0.676752 0.483208
0.672811 0.491849
0.668539 0.499609
0.664023 0.506483
0.659350 0.512475
0.654599 0.517601
0.649848 0.521885
0.645167 0.525359
0.640619 0.528057
0.636259 0.530021
0.632137 0.531290
0.628291 0.531910
0.624754 0.531923
0.621550 0.531370
0.618694 0.530293
0.616193 0.528727
0.614050 0.526709
0.612259 0.524268
0.610807 0.521431
0.609679 0.518221
0.608851 0.514659
0.608298 0.510759
0.607988 0.506533
0.607888 0.501991
0.607960 0.497140
0.608165 0.491984
0.608458 0.486527
0.608797 0.480770
0.609133 0.474718
0.609419 0.468373
0.609605 0.461740
0.609640 0.454827
0.609474 0.447643
0.609054 0.440201
0.608328 0.432518
0.607246 0.424618
0.605756 0.416525
0.603810 0.408271
0.601360 0.399893
0.598362 0.391430
0.594773 0.382929
0.590557 0.374439
0.585679 0.366012
0.580111 0.357703
0.573831 0.349571
0.566824 0.341672
0.559080 0.334065
0.550599 0.326807
0.541389 0.319954
0.531467 0.313558
0.520860 0.307671
0.509603 0.302337
0.497741 0.297599
0.485327 0.293494
0.472425 0.290057
0.459103 0.287314
0.445436 0.285290
0.431505 0.284004
0.417394 0.283471
0.403188 0.283701
0.388970 0.284701
0.374824 0.286475
0.360829 0.289021
0.347059 0.292337
0.333582 0.296414
0.320460 0.301244
0.307746 0.306814
0.295487 0.313108
0.283720 0.320107
0.272475 0.327792
0.249411 0.351163
0.240388 0.360663
0.231897 0.370701
0.223936 0.381244
0.216501 0.392259
0.209583 0.403710
0.203174 0.415559
0.197259 0.427765
0.191826 0.440284
0.186858 0.453073
0.182340 0.466085
0.178254 0.479271
0.174582 0.492585
0.171304 0.505976
0.168404 0.519395
0.165861 0.532794
0.163656 0.546124
0.161770 0.559339
0.160182 0.572394
0.158874 0.585244
0.157826 0.597850
0.157016 0.610174
0.156426 0.622180
0.156034 0.633837
0.155821 0.645114
0.155766 0.655988
0.155848 0.666434
0.156046 0.676433
0.156339 0.685969
0.156708 0.695028
0.157131 0.703597
0.157587 0.711668
0.158057 0.719233
0.158522 0.726287
0.158961 0.732824
0.159356 0.738842
0.159690 0.744337
0.159946 0.749308
0.160109 0.753751
0.160165 0.757666
0.160102 0.761048
0.159907 0.763895
0.159573 0.766202
0.159092 0.767965
0.158460 0.769176
0.157673 0.769828
0.156731 0.769911
0.155635 0.769415
0.154390 0.768326
0.153003 0.766630
0.151482 0.764310
0.149838 0.761350
0.148086 0.757728
0.146240 0.753425
0.144319 0.748417
0.142342 0.742681
0.140332 0.736194
0.138311 0.728932
0.136306 0.720873
0.134341 0.711994
0.132447 0.702277
0.130650 0.691707
0.128983 0.680274
0.127475 0.667972
0.126160 0.654806
0.125070 0.640787
0.124240 0.625939
0.123703 0.610295
0.123497 0.593903
0.123656 0.576824
0.124219 0.559130
0.125223 0.540909
0.126708 0.522262
0.128713 0.503297
0.131280 0.484135
0.134449 0.464900
0.138264 0.445721
0.142765 0.426725
0.147997 0.408038
0.154002 0.389778
0.160820 0.372058
0.168493 0.354978
0.177058 0.338628
0.186550 0.323085
0.196999 0.308416
0.208429 0.294674
0.220856 0.281904
0.234287 0.270138
0.248719 0.259403
0.264134 0.249716
0.280500 0.241090
0.297770 0.233534
0.315876 0.227052
0.334735 0.221645
0.354245 0.217314
0.374287 0.214059
0.394725 0.211878
0.415413 0.210768
0.436194 0.210727
0.456907 0.211750
0.477389 0.213833
0.497482 0.216968
0.517036 0.221146
0.535909 0.226352
0.553978 0.232568
0.571132 0.239771
0.587278 0.247930
0.602342 0.257004
0.616264 0.266948
0.629004 0.277702
0.640533 0.289198
0.650839 0.301357
0.659920 0.314091
0.667785 0.327300
0.674454 0.340876
0.679954 0.354705
0.684321 0.368668
0.687595 0.382643
0.689825 0.396509
0.691064 0.410148
0.691372 0.423449
0.690812 0.436305
0.689451 0.448623
0.687363 0.460320
0.684622 0.471327
0.681306 0.481586
0.677496 0.491053
0.673273 0.499699
0.668718 0.507505
0.663913 0.514466
0.658936 0.520585
0.653864 0.525875
0.648770 0.530358
0.643720 0.534061
0.638778 0.537017
0.634000 0.539262
0.629436 0.540837
0.625127 0.541782
0.621111 0.542139
0.617414 0.541949
0.614058 0.541254
0.611057 0.540090
0.608419 0.538495
0.606147 0.536501
0.604235 0.534138
0.602675 0.531433
0.601453 0.528409
0.600551 0.525084
0.599946 0.521474
0.599613 0.517593
0.599524 0.513448
0.599648 0.509046
0.599951 0.504391
0.600398 0.499486
0.600951 0.494330
0.601570 0.488924
0.602217 0.483266
0.602847 0.477357
0.603419 0.471196
0.603888 0.464786
0.604210 0.458131
0.604340 0.451237
0.604232 0.444113
0.603841 0.436772
0.603121 0.429232
0.602029 0.421513
0.600520 0.413640
0.598554 0.405642
0.596090 0.397554
0.593090 0.389413
0.589520 0.381261
0.585349 0.373141
0.580549 0.365102
0.575098 0.357193
0.568979 0.349464
0.562180 0.341967
0.554696 0.334754
0.546528 0.327875
0.537686 0.321378
0.528187 0.315312
0.518054 0.309719
0.507320 0.304642
0.496027 0.300117
0.484220 0.296179
0.471956 0.292857
0.459295 0.290178
0.446304 0.288164
0.433054 0.286833
0.419618 0.286199
0.406072 0.286274
0.392491 0.287064
0.378949 0.288575
0.365518 0.290807
0.352266 0.293758
0.339255 0.297425
0.326543 0.301800
0.314182 0.306874
0.302216 0.312635
0.290682 0.319069
0.279614 0.326159
0.269034 0.333886
0.258962 0.342228
0.485383 0.250336
