0.250915 0.525343
0.245587 0.534345
0.243723 0.530758
0.246942 0.516996
0.253369 0.503921
0.257695 0.501441
0.256326 0.510884
0.251406 0.533738
0.245160 0.546938
0.240340 0.552912
0.237758 0.549565
0.238270 0.537416
0.242417 0.519877
0.249617 0.502260
0.257761 0.489704
0.263938 0.485298
0.265978 0.489571
0.263569 0.501079
0.258066 0.517049
0.251973 0.542475
0.246033 0.556676
0.240868 0.566958
0.236640 0.571841
0.233577 0.570399
0.232073 0.562488
0.232642 0.548915
0.235724 0.531467
0.241400 0.512668
0.249155 0.495274
0.257838 0.481646
0.265889 0.473305
0.271790 0.470820
0.274530 0.473999
0.273873 0.482179
0.270316 0.494423
0.264813 0.509562
0.258413 0.526150
0.252645 0.551548
0.247307 0.565594
0.242510 0.577382
0.238237 0.586071
0.234475 0.590952
0.231274 0.591513
0.228787 0.587491
0.227282 0.578948
0.227101 0.566321
0.228593 0.550454
0.232011 0.532562
0.237408 0.514105
0.244560 0.496601
0.252935 0.481407
0.261737 0.469537
0.270026 0.461587
0.276890 0.457744
0.281610 0.457880
0.283791 0.461679
0.283397 0.468740
0.280722 0.478634
0.276285 0.490904
0.270711 0.505025
0.264607 0.520365
0.258471 0.536163
0.253454 0.560946
0.248768 0.574410
0.244510 0.586488
0.240626 0.596699
0.237048 0.604604
0.233725 0.609821
0.230643 0.612037
0.227846 0.611029
0.225443 0.606681
0.223610 0.599015
0.222572 0.588214
0.222581 0.574647
0.223876 0.558875
0.226645 0.541632
0.230979 0.523780
0.236843 0.506232
0.244046 0.489864
0.252241 0.475432
0.260947 0.463507
0.269589 0.454445
0.277567 0.448395
0.284325 0.445326
0.289424 0.445084
0.292582 0.447444
0.293702 0.452157
0.292863 0.458987
0.290291 0.467718
0.286319 0.478146
0.281337 0.490058
0.275742 0.503200
0.269899 0.517266
0.264107 0.531879
0.258583 0.546600
0.254431 0.570657
0.250279 0.583691
0.246501 0.595771
0.243036 0.606594
0.239812 0.615873
0.236758 0.623344
0.233816 0.628772
0.230953 0.631949
0.228169 0.632706
0.225508 0.630915
0.223054 0.626506
0.220936 0.619471
0.219317 0.609889
0.218383 0.597937
0.218329 0.583898
0.219338 0.568171
0.221559 0.551254
0.225091 0.533728
0.229959 0.516215
0.236105 0.499337
0.243375 0.483668
0.251520 0.469694
0.260210 0.457784
0.269049 0.448179
0.277610 0.440990
0.285468 0.436216
0.292243 0.433766
0.297626 0.433489
0.301406 0.435201
0.303483 0.438717
0.303861 0.443864
0.302646 0.450497
0.300020 0.458497
0.296226 0.467762
0.291539 0.478198
0.286243 0.489695
0.280615 0.502118
0.274899 0.515294
0.269298 0.529006
0.263963 0.543001
0.258992 0.556987
0.255609 0.580667
0.252002 0.593101
0.248722 0.604860
0.245716 0.615750
0.242920 0.625584
0.240269 0.634187
0.237698 0.641398
0.235154 0.647066
0.232599 0.651055
0.230012 0.653242
0.227399 0.653521
0.224792 0.651807
0.222250 0.648038
0.219861 0.642188
0.217736 0.634268
0.216009 0.624341
0.214823 0.612527
0.214326 0.599014
0.214663 0.584057
0.215959 0.567979
0.218316 0.551159
0.221798 0.534019
0.226425 0.517001
0.232163 0.500542
0.238921 0.485048
0.246551 0.470874
0.254844 0.458304
0.263547 0.447545
0.272368 0.438723
0.280997 0.431885
0.289123 0.427010
0.296456 0.424022
0.302746 0.422805
0.307795 0.423217
0.311472 0.425110
0.313711 0.428342
0.314514 0.432787
0.313942 0.438340
0.312109 0.444921
0.309168 0.452472
0.305304 0.460947
0.300716 0.470309
0.295610 0.480513
0.290188 0.491504
0.284635 0.503202
0.279115 0.515505
0.273763 0.528281
0.268683 0.541371
0.263944 0.554598
0.259584 0.567764
0.257022 0.590958
0.253890 0.602915
0.251054 0.614360
0.248467 0.625160
0.246073 0.635185
0.243815 0.644316
0.241636 0.652438
0.239480 0.659444
0.237300 0.665234
0.235056 0.669713
0.232722 0.672794
0.230287 0.674393
0.227756 0.674437
0.225155 0.672860
0.222528 0.669611
0.219938 0.664653
0.217468 0.657971
0.215215 0.649577
0.213288 0.639515
0.211804 0.627870
0.210883 0.614769
0.210642 0.600385
0.211188 0.584941
0.212616 0.568701
0.214998 0.551967
0.218383 0.535066
0.222786 0.518332
0.228190 0.502099
0.234539 0.486677
0.241735 0.472342
0.249643 0.459325
0.258090 0.447804
0.266870 0.437902
0.275756 0.429688
0.284505 0.423177
0.292875 0.418340
0.300634 0.415110
0.307574 0.413390
0.313518 0.413066
0.318333 0.414014
0.321929 0.416111
0.324263 0.419240
0.325337 0.423302
0.325191 0.428214
0.323904 0.433916
0.321584 0.440364
0.318359 0.447532
0.314375 0.455404
0.309789 0.463972
0.304756 0.473221
0.299434 0.483134
0.293968 0.493678
0.288492 0.504802
0.283123 0.516439
0.277958 0.528499
0.273070 0.540876
0.268513 0.553448
0.264316 0.566081
0.260489 0.578632
0.258705 0.601510
0.256079 0.612733
0.253711 0.623574
0.251563 0.633942
0.249591 0.643753
0.247749 0.652926
0.245992 0.661387
0.244272 0.669063
0.242546 0.675888
0.240774 0.681795
0.238920 0.686724
0.236955 0.690615
0.234861 0.693409
0.232626 0.695051
0.230252 0.695488
0.227752 0.694671
0.225153 0.692554
0.222492 0.689100
0.219822 0.684278
0.217205 0.678070
0.214714 0.670473
0.212431 0.661502
0.210443 0.651194
0.208842 0.639611
0.207718 0.626847
0.207160 0.613024
0.207252 0.598296
0.208068 0.582847
0.209671 0.566889
0.212109 0.550652
0.215415 0.534380
0.219598 0.518321
0.224648 0.502716
0.230530 0.487794
0.237183 0.473760
0.244520 0.460790
0.252429 0.449027
0.260774 0.438579
0.269401 0.429517
0.278138 0.421876
0.286806 0.415660
0.295222 0.410841
0.303207 0.407368
0.310597 0.405169
0.317242 0.404156
0.323021 0.404235
0.327835 0.405305
0.331618 0.407268
0.334334 0.410032
0.335974 0.413516
0.336558 0.417651
0.336130 0.422385
0.334754 0.427677
0.332513 0.433504
0.329501 0.439854
0.325826 0.446724
0.321598 0.454118
0.316934 0.462039
0.311950 0.470493
0.306757 0.479475
0.301463 0.488976
0.296168 0.498973
0.290960 0.509430
0.285915 0.520299
0.281097 0.531518
0.276554 0.543014
0.272322 0.554704
0.268419 0.566495
0.264854 0.578293
0.261621 0.589997
0.260693 0.612296
0.258481 0.623062
0.256504 0.633515
0.254729 0.643588
0.253119 0.653222
0.251635 0.662358
0.250238 0.670942
0.248889 0.678924
0.247548 0.686255
0.246178 0.692889
0.244743 0.698780
0.243212 0.703887
0.241557 0.708164
0.239756 0.711572
0.237794 0.714066
0.235663 0.715607
0.233362 0.716153
0.230900 0.715665
0.228295 0.714105
0.225575 0.711436
0.222777 0.707627
0.219948 0.702653
0.217141 0.696494
0.214419 0.689140
0.211849 0.680595
0.209504 0.670877
0.207459 0.660021
0.205789 0.648083
0.204570 0.635141
0.203875 0.621296
0.203770 0.606673
0.204318 0.591421
0.205571 0.575707
0.207572 0.559716
0.210353 0.543644
0.213931 0.527690
0.218308 0.512054
0.223471 0.496926
0.229388 0.482485
0.236009 0.468890
0.243265 0.456275
0.251067 0.444752
0.259309 0.434406
0.267870 0.425293
0.276615 0.417445
0.285399 0.410868
0.294074 0.405546
0.302488 0.401444
0.310499 0.398507
0.317969 0.396670
0.324777 0.395856
0.330821 0.395980
0.336015 0.396957
0.340299 0.398700
0.343634 0.401129
0.346000 0.404169
0.347403 0.407754
0.347863 0.411831
0.347421 0.416358
0.346130 0.421306
0.344056 0.426656
0.341275 0.432403
0.337869 0.438548
0.333927 0.445098
0.329541 0.452067
0.324803 0.459466
0.319806 0.467307
0.314641 0.475598
0.309393 0.484339
0.304143 0.493522
0.298966 0.503131
0.293925 0.513138
0.289078 0.523506
0.284471 0.534186
0.280140 0.545124
0.276110 0.556255
0.272397 0.567511
0.269006 0.578818
0.265933 0.590101
0.263169 0.601285
0.263022 0.623292
0.261233 0.633426
0.259651 0.643304
0.258248 0.652882
0.256995 0.662116
0.255862 0.670967
0.254817 0.679397
0.253829 0.687372
0.252864 0.694859
0.251893 0.701825
0.250884 0.708242
0.249809 0.714078
0.248639 0.719305
0.247351 0.723894
0.245922 0.727816
0.244334 0.731041
0.242574 0.733541
0.240634 0.735285
0.238510 0.736243
0.236204 0.736385
0.233727 0.735680
0.231094 0.734097
0.228329 0.731609
0.225460 0.728188
0.222524 0.723809
0.219563 0.718451
0.216623 0.712097
0.213758 0.704740
0.211022 0.696377
0.208474 0.687018
0.206175 0.676683
0.204184 0.665410
0.202561 0.653247
0.201367 0.640263
0.200654 0.626541
0.200477 0.612185
0.200882 0.597311
0.201909 0.582052
0.203594 0.566553
0.205963 0.550967
0.209034 0.535450
0.212814 0.520160
0.217301 0.505250
0.222479 0.490864
0.228323 0.477136
0.234792 0.464185
0.241833 0.452111
0.249379 0.440999
0.257350 0.430912
0.265654 0.421896
0.274191 0.413979
0.282849 0.407169
0.291511 0.401460
0.300060 0.396829
0.308377 0.393241
0.316345 0.390650
0.323857 0.388999
0.330814 0.388225
0.337129 0.388259
0.342730 0.389031
0.347559 0.390468
0.351575 0.392501
0.354752 0.395063
0.357080 0.398096
0.358564 0.401545
0.359220 0.405365
0.359079 0.409523
0.358179 0.413991
0.356569 0.418754
0.354304 0.423803
0.351446 0.429139
0.348059 0.434767
0.344213 0.440700
0.339978 0.446952
0.335425 0.453539
0.330628 0.460477
0.325655 0.467781
0.320576 0.475459
0.315456 0.483517
0.310356 0.491954
0.305334 0.500762
0.300441 0.509925
0.295721 0.519419
0.291213 0.529215
0.286948 0.539274
0.282950 0.549553
0.279236 0.560004
0.275815 0.570575
0.272691 0.581211
0.269861 0.591856
0.267316 0.602455
0.265043 0.612951
0.265730 0.634465
0.264321 0.644061
0.263095 0.653439
0.262031 0.662567
0.261104 0.671414
0.260289 0.679952
0.259562 0.688155
0.258894 0.695998
0.258262 0.703458
0.257637 0.710513
0.256996 0.717142
0.256311 0.723325
0.255559 0.729042
0.254716 0.734273
0.253761 0.738998
0.252672 0.743197
0.251433 0.746849
0.250027 0.749934
0.248443 0.752429
0.246672 0.754313
0.244709 0.755563
0.242554 0.756154
0.240211 0.756064
0.237689 0.755266
0.235002 0.753738
0.232169 0.751454
0.229214 0.748390
0.226167 0.744524
0.223061 0.739834
0.219934 0.734301
0.216827 0.727912
0.213784 0.720656
0.210853 0.712528
0.208082 0.703531
0.205521 0.693678
0.203219 0.682989
0.201227 0.671497
0.199593 0.659247
0.198363 0.646298
0.197581 0.632720
0.197290 0.618599
0.197525 0.604031
0.198322 0.589124
0.199708 0.573996
0.201706 0.558770
0.204334 0.543576
0.207601 0.528540
0.211511 0.513792
0.216058 0.499451
0.221230 0.485634
0.227003 0.472443
0.233345 0.459971
0.240213 0.448299
0.247557 0.437491
0.255313 0.427599
0.263410 0.418661
0.271768 0.410700
0.280301 0.403726
0.288916 0.397738
0.297515 0.392723
0.306001 0.388656
0.314275 0.385505
0.322242 0.383227
0.329812 0.381775
0.336902 0.381095
0.343438 0.381129
0.349356 0.381817
0.354604 0.383098
0.359141 0.384911
0.362938 0.387197
0.365979 0.389902
0.368258 0.392974
0.369781 0.396370
0.370562 0.400050
0.370626 0.403985
0.370003 0.408151
0.368731 0.412532
0.366852 0.417119
0.364414 0.421911
0.361468 0.426912
0.358066 0.432130
0.354264 0.437579
0.350120 0.443274
0.345689 0.449233
0.341030 0.455474
0.336199 0.462012
0.331252 0.468863
0.326242 0.476037
0.321222 0.483542
0.316239 0.491379
0.311340 0.499545
0.306565 0.508031
0.301951 0.516821
0.297531 0.525897
0.293330 0.535230
0.289372 0.544789
0.285671 0.554541
0.282241 0.564445
0.279086 0.574460
0.276208 0.584544
0.273604 0.594652
0.271267 0.604740
0.269185 0.614766
0.267346 0.624688
0.268855 0.645783
0.267794 0.654901
0.266898 0.663827
0.266148 0.672538
0.265523 0.681011
0.265004 0.689225
0.264568 0.697162
0.264194 0.704804
0.263860 0.712136
0.263545 0.719140
0.263227 0.725804
0.262884 0.732113
0.262495 0.738054
0.262039 0.743612
0.261495 0.748774
0.260845 0.753526
0.260070 0.757854
0.259153 0.761744
0.258079 0.765180
0.256835 0.768148
0.255408 0.770629
0.253792 0.772609
0.251979 0.774068
0.249967 0.774988
0.247758 0.775352
0.245356 0.775137
0.242770 0.774326
0.240011 0.772895
0.237097 0.770825
0.234047 0.768095
0.230886 0.764683
0.227641 0.760569
0.224344 0.755735
0.221028 0.750163
0.217730 0.743839
0.214488 0.736752
0.211343 0.728894
0.208336 0.720265
0.205510 0.710869
0.202906 0.700717
0.200567 0.689831
0.198533 0.678239
0.196844 0.665983
0.195539 0.653111
0.194654 0.639684
0.194222 0.625775
0.194273 0.611465
0.194837 0.596843
0.195936 0.582009
0.197592 0.567065
0.199819 0.552118
0.202631 0.537279
0.206031 0.522654
0.210022 0.508349
0.214597 0.494463
0.219745 0.481090
0.225447 0.468313
0.231675 0.456208
0.238397 0.444840
0.245570 0.434261
0.253145 0.424514
0.261065 0.415631
0.269266 0.407634
0.277678 0.400533
0.286225 0.394329
0.294827 0.389014
0.303401 0.384573
0.311863 0.380981
0.320132 0.378208
0.328124 0.376216
0.335764 0.374965
0.342979 0.374406
0.349706 0.374492
0.355886 0.375169
0.361473 0.376385
0.366426 0.378086
0.370718 0.380219
0.374328 0.382735
0.377245 0.385586
0.379468 0.388728
0.381002 0.392123
0.381862 0.395738
0.382067 0.399545
0.381643 0.403523
0.380621 0.407656
0.379034 0.411936
0.376922 0.416358
0.374326 0.420924
0.371287 0.425642
0.367851 0.430521
0.364064 0.435576
0.359971 0.440822
0.355621 0.446278
0.351060 0.451960
0.346335 0.457886
0.341491 0.464074
0.336574 0.470536
0.331627 0.477284
0.326693 0.484326
0.321810 0.491665
0.317015 0.499302
0.312343 0.507230
0.307823 0.515440
0.303484 0.523916
0.299349 0.532640
0.295437 0.541589
0.291763 0.550736
0.288339 0.560050
0.285173 0.569500
0.282268 0.579050
0.279624 0.588667
0.277237 0.598313
0.275102 0.607954
0.273209 0.617554
0.271546 0.627080
0.270100 0.636500
0.272435 0.657209
0.271704 0.665823
0.271119 0.674266
0.270665 0.682521
0.270325 0.690573
0.270080 0.698406
0.269915 0.706007
0.269812 0.713364
0.269751 0.720465
0.269717 0.727301
0.269690 0.733861
0.269652 0.740137
0.269587 0.746118
0.269476 0.751795
0.269302 0.757161
0.269048 0.762204
0.268696 0.766917
0.268231 0.771289
0.267638 0.775310
0.266901 0.778970
0.266007 0.782257
0.264945 0.785161
0.263704 0.787669
0.262276 0.789768
0.260653 0.791444
0.258832 0.792685
0.256812 0.793475
0.254592 0.793798
0.252178 0.793639
0.249575 0.792981
0.246795 0.791806
0.243850 0.790097
0.240757 0.787836
0.237535 0.785004
0.234205 0.781583
0.230793 0.777556
0.227326 0.772904
0.223834 0.767611
0.220348 0.761664
0.216900 0.755048
0.213526 0.747756
0.210259 0.739780
0.207136 0.731120
0.204192 0.721777
0.201462 0.711762
0.198981 0.701089
0.196784 0.689783
0.194903 0.677875
0.193370 0.665403
0.192214 0.652417
0.191464 0.638972
0.191146 0.625133
0.191284 0.610974
0.191899 0.596572
0.193010 0.582013
0.194632 0.567385
0.196778 0.552780
0.199458 0.538289
0.202677 0.524002
0.206436 0.510009
0.210732 0.496393
0.215557 0.483233
0.220898 0.470601
0.226738 0.458562
0.233051 0.447172
0.239807 0.436479
0.246972 0.426524
0.254501 0.417336
0.262349 0.408940
0.270459 0.401350
0.278775 0.394573
0.287232 0.388609
0.295764 0.383451
0.304301 0.379086
0.312772 0.375494
0.321107 0.372650
0.329234 0.370526
0.337087 0.369086
0.344601 0.368294
0.351716 0.368109
0.358378 0.368486
0.364541 0.369382
0.370162 0.370750
0.375210 0.372543
0.379659 0.374717
0.383489 0.377226
0.386692 0.380028
0.389262 0.383084
0.391202 0.386358
0.392522 0.389817
0.393234 0.393435
0.393358 0.397188
0.392917 0.401058
0.391937 0.405033
0.390447 0.409104
0.388479 0.413268
0.386066 0.417526
0.383244 0.421884
0.380050 0.426350
0.376520 0.430935
0.372692 0.435655
0.368606 0.440526
0.364298 0.445563
0.359807 0.450785
0.355173 0.456208
0.350431 0.461850
0.345620 0.467724
0.340775 0.473844
0.335931 0.480220
0.331122 0.486858
0.326378 0.493764
0.321731 0.500936
0.317208 0.508372
0.312833 0.516064
0.308629 0.524002
0.304615 0.532170
0.300809 0.540551
0.297224 0.549125
0.293869 0.557866
0.290754 0.566750
0.287882 0.575750
0.285254 0.584836
0.282870 0.593979
0.280726 0.603151
0.278816 0.612321
0.277132 0.621463
0.275664 0.630547
0.274401 0.639549
0.273329 0.648444
0.276509 0.668703
0.276086 0.676801
0.275792 0.684747
0.275614 0.692526
0.275537 0.700130
0.275548 0.707546
0.275632 0.714766
0.275774 0.721781
0.275961 0.728585
0.276177 0.735170
0.276409 0.741530
0.276641 0.747658
0.276860 0.753549
0.277050 0.759197
0.277197 0.764596
0.277287 0.769740
0.277304 0.774623
0.277236 0.779239
0.277067 0.783581
0.276785 0.787643
0.276376 0.791417
0.275827 0.794895
0.275128 0.798070
0.274267 0.800934
0.273233 0.803476
0.272020 0.805688
0.270620 0.807560
0.269027 0.809081
0.267238 0.810240
0.265251 0.811026
0.263067 0.811426
0.260688 0.811426
0.258120 0.811015
0.255371 0.810177
0.252449 0.808898
0.249369 0.807163
0.246144 0.804956
0.242791 0.802262
0.239331 0.799065
0.235784 0.795348
0.232173 0.791095
0.228525 0.786292
0.224866 0.780924
0.221222 0.774978
0.217624 0.768442
0.214099 0.761307
0.210679 0.753566
0.207393 0.745215
0.204272 0.736255
0.201343 0.726691
0.198638 0.716532
0.196184 0.705794
0.194009 0.694499
0.192138 0.682674
0.190598 0.670355
0.189412 0.657584
0.188603 0.644408
0.188191 0.630885
0.188196 0.617074
0.188635 0.603042
0.189524 0.588861
0.190875 0.574605
0.192701 0.560351
0.195009 0.546175
0.197806 0.532156
0.201095 0.518369
0.204877 0.504886
0.209147 0.491777
0.213900 0.479105
0.219125 0.466930
0.224808 0.455302
0.230928 0.444270
0.237462 0.433872
0.244382 0.424141
0.251655 0.415103
0.259242 0.406779
0.267102 0.399182
0.275187 0.392320
0.283447 0.386194
0.291827 0.380802
0.300269 0.376136
0.308716 0.372182
0.317107 0.368922
0.325380 0.366337
0.333477 0.364399
0.341338 0.363082
0.348909 0.362352
0.356137 0.362176
0.362975 0.362518
0.369378 0.363339
0.375310 0.364601
0.380738 0.366262
0.385636 0.368284
0.389984 0.370627
0.393769 0.373252
0.396981 0.376123
0.399618 0.379205
0.401683 0.382466
0.403181 0.385877
0.404125 0.389412
0.404530 0.393051
0.404413 0.396774
0.403795 0.400569
0.402701 0.404425
0.401156 0.408337
0.399186 0.412302
0.396821 0.416323
0.394088 0.420403
0.391020 0.424551
0.387645 0.428778
0.383995 0.433096
0.380102 0.437519
0.375997 0.442062
0.371710 0.446742
0.367274 0.451576
0.362719 0.456579
0.358076 0.461767
0.353376 0.467154
0.348647 0.472752
0.343918 0.478573
0.339218 0.484625
0.334572 0.490914
0.330007 0.497443
0.325545 0.504212
0.321209 0.511219
0.317019 0.518457
0.312993 0.525917
0.309147 0.533588
0.305495 0.541456
0.302048 0.549504
0.298816 0.557712
0.295804 0.566061
0.293018 0.574527
0.290460 0.583087
0.288129 0.591717
0.286024 0.600394
0.284140 0.609092
0.282472 0.617789
0.281013 0.626460
0.279754 0.635084
0.278685 0.643639
0.277796 0.652106
0.277075 0.660466
0.281117 0.680225
0.280979 0.687854
0.280955 0.695344
0.281033 0.702685
0.281202 0.709869
0.281450 0.716890
0.281764 0.723740
0.282134 0.730416
0.282547 0.736911
0.282992 0.743221
0.283455 0.749342
0.283926 0.755271
0.284393 0.761004
0.284842 0.766536
0.285264 0.771866
0.285644 0.776988
0.285972 0.781899
0.286235 0.786596
0.286420 0.791073
0.286517 0.795327
0.286513 0.799353
0.286396 0.803147
0.286155 0.806701
0.285779 0.810012
0.285257 0.813073
0.284579 0.815877
0.283737 0.818418
0.282722 0.820689
0.281527 0.822682
0.280146 0.824389
0.278574 0.825801
0.276807 0.826910
0.274846 0.827707
0.272688 0.828180
0.270337 0.828320
0.267795 0.828116
0.265070 0.827556
0.262167 0.826628
0.259098 0.825320
0.255873 0.823619
0.252507 0.821510
0.249014 0.818981
0.245412 0.816017
0.241721 0.812603
0.237959 0.808727
0.234150 0.804372
0.230315 0.799526
0.226480 0.794175
0.222668 0.788307
0.218905 0.781912
0.215217 0.774978
0.211630 0.767500
0.208168 0.759472
0.204858 0.750893
0.201726 0.741763
0.198795 0.732089
0.196090 0.721879
0.193635 0.711150
0.191452 0.699920
0.189562 0.688214
0.187985 0.676065
0.186743 0.663507
0.185851 0.650585
0.185328 0.637344
0.185190 0.623839
0.185450 0.610125
0.186122 0.596264
0.187217 0.582320
0.188745 0.568359
0.190714 0.554446
0.193131 0.540650
0.195999 0.527036
0.199322 0.513667
0.203098 0.500605
0.207324 0.487908
0.211996 0.475629
0.217105 0.463817
0.222638 0.452516
0.228581 0.441764
0.234914 0.431595
0.241616 0.422036
0.248659 0.413111
0.256013 0.404837
0.263644 0.397226
0.271514 0.390288
0.279582 0.384024
0.287802 0.378435
0.296129 0.373515
0.304511 0.369257
0.312898 0.365647
0.321237 0.362671
0.329476 0.360309
0.337562 0.358540
0.345444 0.357340
0.353073 0.356681
0.360403 0.356534
0.367390 0.356869
0.373996 0.357653
0.380184 0.358852
0.385925 0.360432
0.391191 0.362357
0.395964 0.364592
0.400226 0.367102
0.403966 0.369855
0.407179 0.372816
0.409861 0.375955
0.412016 0.379244
0.413649 0.382656
0.414769 0.386166
0.415390 0.389756
0.415526 0.393407
0.415195 0.397104
0.414417 0.400838
0.413212 0.404599
0.411604 0.408385
0.409615 0.412194
0.407270 0.416028
0.404594 0.419892
0.401613 0.423792
0.398353 0.427738
0.394838 0.431741
0.391097 0.435814
0.387153 0.439972
0.383035 0.444228
0.378768 0.448599
0.374377 0.453099
0.369889 0.457744
0.365328 0.462548
0.360721 0.467525
0.356091 0.472687
0.351462 0.478046
0.346859 0.483609
0.342303 0.489384
0.337816 0.495376
0.333420 0.501587
0.329132 0.508017
0.324971 0.514663
0.320955 0.521521
0.317097 0.528582
0.313411 0.535838
0.309909 0.543276
0.306599 0.550882
0.303491 0.558640
0.300590 0.566533
0.297900 0.574542
0.295423 0.582648
0.293160 0.590830
0.291111 0.599067
0.289271 0.607339
0.287637 0.615626
0.286204 0.623908
0.284965 0.632164
0.283912 0.640377
0.283037 0.648530
0.282330 0.656605
0.281781 0.664589
0.281381 0.672466
0.286298 0.691731
0.286424 0.698884
0.286650 0.705909
0.286966 0.712800
0.287361 0.719552
0.287827 0.726159
0.288353 0.732619
0.288929 0.738927
0.289546 0.745080
0.290194 0.751077
0.290864 0.756914
0.291545 0.762589
0.292228 0.768101
0.292904 0.773448
0.293562 0.778627
0.294192 0.783637
0.294786 0.788475
0.295332 0.793139
0.295820 0.797626
0.296242 0.801935
0.296585 0.806061
0.296841 0.810003
0.296998 0.813756
0.297047 0.817317
0.296979 0.820682
0.296782 0.823847
0.296448 0.826807
0.295968 0.829557
0.295333 0.832093
0.294535 0.834409
0.293568 0.836499
0.292424 0.838358
0.291098 0.839978
0.289586 0.841353
0.287885 0.842476
0.285992 0.843339
0.283907 0.843935
0.281631 0.844255
0.279167 0.844290
0.276517 0.844032
0.273688 0.843470
0.270686 0.842594
0.267520 0.841394
0.264202 0.839858
0.260741 0.837976
0.257153 0.835735
0.253452 0.833123
0.249654 0.830128
0.245777 0.826737
0.241839 0.822937
0.237861 0.818715
0.233861 0.814059
0.229862 0.808957
0.225886 0.803396
0.221953 0.797367
0.218087 0.790859
0.214310 0.783865
0.210644 0.776377
0.207110 0.768391
0.203732 0.759907
0.200529 0.750923
0.197522 0.741445
0.194732 0.731481
0.192178 0.721042
0.189878 0.710144
0.187850 0.698807
0.186111 0.687058
0.184677 0.674925
0.183564 0.662444
0.182784 0.649652
0.182353 0.636595
0.182281 0.623318
0.182581 0.609873
0.183262 0.596313
0.184334 0.582693
0.185804 0.569071
0.187679 0.555504
0.189964 0.542051
0.192664 0.528767
0.195781 0.515707
0.199314 0.502924
0.203263 0.490469
0.207624 0.478387
0.212391 0.466720
0.217558 0.455509
0.223112 0.444787
0.229040 0.434585
0.235327 0.424929
0.241952 0.415840
0.248894 0.407336
0.256127 0.399431
0.263621 0.392134
0.271345 0.385452
0.279265 0.379388
0.287342 0.373941
0.295537 0.369107
0.303807 0.364879
0.312109 0.361248
0.320397 0.358203
0.328626 0.355727
0.336750 0.353804
0.344724 0.352415
0.352504 0.351538
0.360047 0.351149
0.367313 0.351224
0.374265 0.351735
0.380867 0.352654
0.387089 0.353953
0.392904 0.355601
0.398288 0.357567
0.403222 0.359820
0.407691 0.362331
0.411683 0.365067
0.415191 0.368001
0.418211 0.371104
0.420745 0.374349
0.422794 0.377710
0.424364 0.381164
0.425467 0.384690
0.426111 0.388271
0.426311 0.391889
0.426083 0.395532
0.425443 0.399189
0.424409 0.402852
0.423001 0.406517
0.421238 0.410181
0.419141 0.413843
0.416732 0.417508
0.414031 0.421180
0.411061 0.424865
0.407844 0.428573
0.404400 0.432313
0.400752 0.436098
0.396923 0.439940
0.392932 0.443853
0.388803 0.447851
0.384557 0.451948
0.380215 0.456157
0.375798 0.460494
0.371327 0.464971
0.366824 0.469600
0.362307 0.474394
0.357798 0.479362
0.353316 0.484513
0.348880 0.489854
0.344508 0.495389
0.340218 0.501124
0.336026 0.507058
0.331947 0.513192
0.327997 0.519522
0.324190 0.526044
0.320536 0.532752
0.317047 0.539635
0.313732 0.546685
0.310600 0.553888
0.307656 0.561232
0.304907 0.568701
0.302354 0.576280
0.300001 0.583952
0.297848 0.591699
0.295895 0.599505
0.294139 0.607352
0.292577 0.615221
0.291205 0.623096
0.290018 0.630960
0.289010 0.638796
0.288173 0.646590
0.287501 0.654328
0.286984 0.661995
0.286615 0.669579
0.286384 0.677070
0.286281 0.684457
0.292092 0.703176
0.292464 0.709890
0.292922 0.716485
0.293459 0.722957
0.294066 0.729303
0.294734 0.735521
0.295457 0.741608
0.296225 0.747561
0.297030 0.753380
0.297865 0.759063
0.298722 0.764610
0.299592 0.770018
0.300468 0.775288
0.301341 0.780418
0.302205 0.785407
0.303050 0.790256
0.303869 0.794962
0.304654 0.799524
0.305396 0.803942
0.306087 0.808213
0.306718 0.812337
0.307281 0.816310
0.307767 0.820132
0.308167 0.823800
0.308472 0.827311
0.308674 0.830662
0.308764 0.833851
0.308732 0.836874
0.308571 0.839728
0.308272 0.842409
0.307828 0.844914
0.307230 0.847237
0.306471 0.849375
0.305546 0.851323
0.304449 0.853076
0.303173 0.854629
0.301716 0.855976
0.300073 0.857112
0.298243 0.858030
0.296225 0.858724
0.294018 0.859188
0.291623 0.859413
0.289044 0.859394
0.286283 0.859122
0.283347 0.858588
0.280242 0.857785
0.276975 0.856703
0.273556 0.855333
0.269996 0.853666
0.266306 0.851690
0.262500 0.849395
0.258592 0.846771
0.254597 0.843807
0.250531 0.840490
0.246411 0.836810
0.242256 0.832755
0.238083 0.828312
0.233912 0.823472
0.229762 0.818223
0.225652 0.812554
0.221602 0.806455
0.217631 0.799919
0.213760 0.792937
0.210006 0.785504
0.206389 0.777615
0.202928 0.769269
0.199640 0.760464
0.196543 0.751206
0.193653 0.741499
0.190988 0.731353
0.188561 0.720781
0.186389 0.709799
0.184485 0.698428
0.182863 0.686692
0.181535 0.674620
0.180514 0.662244
0.179810 0.649600
0.179434 0.636727
0.179396 0.623668
0.179705 0.610469
0.180370 0.597176
0.181396 0.583840
0.182792 0.570509
0.184562 0.557235
0.186711 0.544068
0.189243 0.531057
0.192160 0.518251
0.195463 0.505695
0.199152 0.493434
0.203225 0.481509
0.207678 0.469957
0.212506 0.458813
0.217702 0.448109
0.223257 0.437872
0.229158 0.428127
0.235392 0.418894
0.241941 0.410191
0.248788 0.402032
0.255909 0.394427
0.263281 0.387385
0.270877 0.380911
0.278666 0.375007
0.286616 0.369673
0.294695 0.364905
0.302864 0.360698
0.311086 0.357046
0.319323 0.353938
0.327533 0.351363
0.335677 0.349307
0.343715 0.347755
0.351606 0.346689
0.359311 0.346090
0.366794 0.345938
0.374017 0.346210
0.380949 0.346883
0.387559 0.347933
0.393818 0.349333
0.399702 0.351058
0.405190 0.353079
0.410264 0.355371
0.414908 0.357905
0.419113 0.360655
0.422870 0.363593
0.426174 0.366693
0.429025 0.369930
0.431422 0.373281
0.433372 0.376722
0.434879 0.380234
0.435952 0.383796
0.436603 0.387393
0.436843 0.391010
0.436686 0.394634
0.436147 0.398255
0.435242 0.401865
0.433988 0.405459
0.432403 0.409034
0.430503 0.412588
0.428308 0.416124
0.425837 0.419643
0.423107 0.423152
0.420137 0.426656
0.416947 0.430165
0.413555 0.433687
0.409979 0.437233
0.406238 0.440816
0.402351 0.444447
0.398336 0.448139
0.394210 0.451905
0.389993 0.455759
0.385701 0.459714
0.381354 0.463782
0.376967 0.467975
0.372559 0.472305
0.368147 0.476783
0.363748 0.481418
0.359378 0.486218
0.355053 0.491190
0.350788 0.496339
0.346600 0.501670
0.342502 0.507185
0.338508 0.512884
0.334631 0.518766
0.330883 0.524827
0.327275 0.531065
0.323818 0.537471
0.320519 0.544039
0.317386 0.550758
0.314428 0.557619
0.311648 0.564610
0.309051 0.571717
0.306640 0.578926
0.304417 0.586224
0.302383 0.593595
0.300537 0.601024
0.298877 0.608495
0.297402 0.615993
0.296106 0.623503
0.294988 0.631011
0.294040 0.638501
0.293258 0.645960
0.292634 0.653376
0.292163 0.660736
0.291836 0.668030
0.291646 0.675247
0.291585 0.682378
0.291644 0.689415
0.291816 0.696350
0.298540 0.714516
0.299139 0.720817
0.299815 0.727009
0.300558 0.733087
0.301363 0.739051
0.302221 0.744898
0.303127 0.750628
0.304073 0.756239
0.305053 0.761732
0.306060 0.767106
0.307087 0.772361
0.308128 0.777496
0.309177 0.782512
0.310227 0.787409
0.311271 0.792186
0.312303 0.796844
0.313317 0.801382
0.314306 0.805800
0.315263 0.810097
0.316181 0.814273
0.317053 0.818327
0.317871 0.822258
0.318630 0.826065
0.319321 0.829746
0.319936 0.833301
0.320468 0.836726
0.320909 0.840020
0.321251 0.843181
0.321487 0.846207
0.321608 0.849094
0.321607 0.851841
0.321476 0.854444
0.321208 0.856900
0.320795 0.859207
0.320232 0.861359
0.319510 0.863354
0.318625 0.865188
0.317570 0.866857
0.316342 0.868356
0.314935 0.869681
0.313348 0.870827
0.311576 0.871789
0.309619 0.872562
0.307476 0.873141
0.305148 0.873519
0.302635 0.873691
0.299941 0.873651
0.297069 0.873391
0.294024 0.872906
0.290812 0.872186
0.287441 0.871226
0.283918 0.870017
0.280254 0.868550
0.276458 0.866817
0.272543 0.864808
0.268521 0.862515
0.264406 0.859927
0.260212 0.857035
0.255955 0.853828
0.251649 0.850295
0.247312 0.846427
0.242959 0.842212
0.238610 0.837640
0.234279 0.832700
0.229986 0.827383
0.225747 0.821679
0.221581 0.815578
0.217504 0.809073
0.213532 0.802158
0.209684 0.794825
0.205976 0.787071
0.202422 0.778894
0.199039 0.770293
0.195841 0.761270
0.192842 0.751830
0.190057 0.741980
0.187498 0.731730
0.185179 0.721093
0.183109 0.710086
0.181303 0.698730
0.179768 0.687046
0.178517 0.675064
0.177559 0.662811
0.176901 0.650322
0.176554 0.637633
0.176525 0.624781
0.176821 0.611809
0.177448 0.598758
0.178414 0.585672
0.179723 0.572596
0.181380 0.559574
0.183389 0.546652
0.185754 0.533873
0.188477 0.521279
0.191559 0.508913
0.195001 0.496812
0.198802 0.485014
0.202961 0.473553
0.207473 0.462460
0.212334 0.451764
0.217538 0.441491
0.223076 0.431664
0.228938 0.422302
0.235113 0.413422
0.241585 0.405039
0.248338 0.397163
0.255354 0.389805
0.262612 0.382971
0.270088 0.376664
0.277757 0.370887
0.285592 0.365640
0.293562 0.360920
0.301637 0.356724
0.309782 0.353045
0.317965 0.349877
0.326149 0.347209
0.334299 0.345032
0.342378 0.343332
0.350351 0.342096
0.358180 0.341307
0.365833 0.340950
0.373274 0.341005
0.380473 0.341453
0.387399 0.342274
0.394024 0.343446
0.400324 0.344946
0.406276 0.346750
0.411860 0.348835
0.417058 0.351177
0.421858 0.353749
0.426248 0.356529
0.430220 0.359490
0.433769 0.362610
0.436893 0.365865
0.439590 0.369231
0.441864 0.372689
0.443720 0.376217
0.445162 0.379796
0.446201 0.383410
0.446846 0.387042
0.447108 0.390680
0.447000 0.394311
0.446535 0.397926
0.445728 0.401517
0.444594 0.405078
0.443148 0.408605
0.441406 0.412097
0.439385 0.415554
0.437100 0.418977
0.434569 0.422371
0.431807 0.425739
0.428832 0.429090
0.425659 0.432429
0.422304 0.435768
0.418785 0.439114
0.415116 0.442479
0.411313 0.445875
0.407393 0.449314
0.403370 0.452806
0.399261 0.456365
0.395080 0.460003
0.390842 0.463732
0.386564 0.467564
0.382259 0.471509
0.377942 0.475579
0.373628 0.479783
0.369332 0.484130
0.365068 0.488628
0.360849 0.493283
0.356688 0.498101
0.352600 0.503086
0.348596 0.508241
0.344689 0.513567
0.340890 0.519063
0.337210 0.524728
0.333658 0.530560
0.330245 0.536553
0.326978 0.542701
0.323866 0.548997
0.320913 0.555433
0.318127 0.561999
0.315511 0.568684
0.313070 0.575477
0.310805 0.582366
0.308719 0.589337
0.306811 0.596378
0.305082 0.603474
0.303530 0.610612
0.302153 0.617779
0.300948 0.624961
0.299912 0.632144
0.299039 0.639317
0.298326 0.646466
0.297766 0.653581
0.297353 0.660649
0.297082 0.667662
0.296945 0.674610
0.296935 0.681485
0.297045 0.688278
0.297269 0.694983
0.297597 0.701595
0.298023 0.708107
0.250471 0.517297
