0.309561 0.673260
0.339399 0.709119
0.343513 0.713965
0.316194 0.685697
0.288416 0.637788
0.279123 0.609167
0.285674 0.626741
0.315804 0.680444
0.358646 0.723877
0.394711 0.746600
0.404024 0.751895
0.380764 0.741267
0.337502 0.710411
0.297191 0.658462
0.275083 0.599447
0.269251 0.556970
0.269676 0.546957
0.272787 0.572044
0.285569 0.623176
0.323347 0.688528
0.370283 0.730775
0.420095 0.756234
0.459016 0.768365
0.476642 0.772605
0.468470 0.771992
0.435906 0.764897
0.386895 0.745909
0.335218 0.709653
0.294833 0.656107
0.272800 0.594113
0.267196 0.538207
0.270261 0.500212
0.273701 0.485051
0.273376 0.493265
0.271281 0.523858
0.274268 0.573254
0.290238 0.632501
0.332369 0.697335
0.380349 0.735875
0.434498 0.760057
0.485775 0.772066
0.526165 0.776133
0.550675 0.776773
0.557051 0.777253
0.544613 0.778466
0.513872 0.778558
0.467515 0.773452
0.411798 0.758124
0.356222 0.728369
0.310407 0.682888
0.280396 0.625231
0.267197 0.563841
0.267545 0.508716
0.275601 0.466928
0.284953 0.440983
0.290558 0.430454
0.290052 0.434387
0.284189 0.452607
0.276526 0.485411
0.272500 0.531898
0.277943 0.587984
0.297373 0.646026
0.343061 0.706658
0.391023 0.740718
0.445765 0.762348
0.500960 0.772850
0.550533 0.774912
0.590251 0.771917
0.618080 0.767321
0.633480 0.764055
0.636447 0.763961
0.626854 0.767401
0.604323 0.773142
0.568696 0.778561
0.521028 0.780127
0.464721 0.774020
0.405819 0.756806
0.351679 0.726196
0.308590 0.682017
0.280062 0.627170
0.266566 0.567677
0.266140 0.510944
0.275145 0.463040
0.289034 0.426977
0.303223 0.402935
0.313935 0.389578
0.318767 0.385394
0.316885 0.389553
0.308988 0.402215
0.297182 0.424319
0.284752 0.456905
0.275723 0.500056
0.274220 0.551772
0.283761 0.607501
0.306594 0.661056
0.355629 0.716262
0.404454 0.746248
0.459778 0.764900
0.516506 0.773116
0.569597 0.772720
0.615331 0.766117
0.651819 0.756043
0.678691 0.745300
0.696424 0.736450
0.705688 0.731489
0.706907 0.731575
0.700023 0.736857
0.684463 0.746430
0.659304 0.758424
0.623697 0.770232
0.577572 0.778847
0.522515 0.781213
0.462354 0.774532
0.402770 0.756549
0.349798 0.725952
0.308103 0.682979
0.280105 0.630079
0.266088 0.572027
0.264724 0.514887
0.273525 0.464130
0.289204 0.423097
0.308080 0.392699
0.326594 0.372081
0.341800 0.359566
0.351660 0.353445
0.355099 0.352485
0.351910 0.356196
0.342668 0.364882
0.328699 0.379523
0.312071 0.401481
0.295509 0.432024
0.282146 0.471665
0.275164 0.519437
0.277397 0.572440
0.291005 0.626126
0.317152 0.675443
0.370276 0.725880
0.419321 0.751482
0.474047 0.766888
0.530259 0.772723
0.583767 0.770193
0.631342 0.760913
0.671194 0.746812
0.702874 0.730046
0.726837 0.712869
0.743972 0.697445
0.755235 0.685648
0.761397 0.678896
0.762905 0.678032
0.759799 0.683265
0.751687 0.694138
0.737777 0.709528
0.716973 0.727710
0.688074 0.746493
0.650130 0.763433
0.602982 0.776067
0.547896 0.782102
0.487976 0.779530
0.427892 0.766719
0.372793 0.742581
0.326968 0.706908
0.293039 0.660860
0.271932 0.607343
0.263257 0.550826
0.265701 0.496353
0.277262 0.448179
0.295398 0.408828
0.317233 0.378971
0.339862 0.357897
0.360703 0.344138
0.377764 0.336006
0.389729 0.331963
0.395903 0.330860
0.396068 0.332066
0.390380 0.335513
0.379327 0.341670
0.363769 0.351473
0.345008 0.366175
0.324826 0.387137
0.305419 0.415521
0.289229 0.451879
0.278696 0.495689
0.276029 0.545021
0.283022 0.596574
0.300911 0.646293
0.330180 0.690332
0.387197 0.735221
0.436920 0.756659
0.491361 0.768690
0.546821 0.771788
0.599668 0.766804
0.647084 0.754867
0.687457 0.737368
0.720321 0.715942
0.746043 0.692423
0.765464 0.668741
0.779604 0.646770
0.789469 0.628175
0.795926 0.614298
0.799624 0.606107
0.800943 0.604188
0.799965 0.608745
0.796459 0.619600
0.789885 0.636160
0.779415 0.657380
0.763980 0.681764
0.742351 0.707433
0.713302 0.732270
0.675869 0.754120
0.629775 0.770968
0.575932 0.781040
0.516818 0.782833
0.456364 0.775118
0.399176 0.756987
0.349417 0.728034
0.309969 0.688698
0.282244 0.640649
0.266445 0.586980
0.261944 0.531857
0.267531 0.479619
0.281528 0.433743
0.301846 0.396226
0.326094 0.367571
0.351783 0.347166
0.376610 0.333740
0.398699 0.325751
0.416727 0.321665
0.429911 0.320140
0.437890 0.320144
0.440588 0.321025
0.438089 0.322533
0.430592 0.324820
0.418411 0.328407
0.402047 0.334141
0.382280 0.343116
0.360247 0.356575
0.337472 0.375759
0.315796 0.401703
0.297234 0.434956
0.283788 0.475261
0.277284 0.521275
0.279255 0.570515
0.290866 0.619680
0.312820 0.665303
0.345196 0.704464
0.406554 0.743966
0.455590 0.760937
0.508153 0.769584
0.561152 0.770243
0.611613 0.763468
0.657216 0.749994
0.696565 0.730741
0.729163 0.706838
0.755203 0.679636
0.775310 0.650656
0.790327 0.621503
0.801166 0.593731
0.808717 0.568717
0.813791 0.547586
0.817076 0.531176
0.819118 0.520066
0.820287 0.514623
0.820767 0.515051
0.820536 0.521412
0.819371 0.533622
0.816842 0.551407
0.812333 0.574234
0.805052 0.601247
0.794057 0.631222
0.778293 0.662603
0.756651 0.693608
0.728086 0.722394
0.691815 0.747223
0.647629 0.766582
0.596258 0.779212
0.539675 0.784088
0.481048 0.780371
0.424233 0.767406
0.372941 0.744800
0.330012 0.712622
0.297119 0.671692
0.274888 0.623843
0.263189 0.571954
0.261397 0.519581
0.268531 0.470259
0.283297 0.426781
0.304088 0.390799
0.329029 0.362829
0.356096 0.342502
0.383309 0.328885
0.408941 0.320750
0.431668 0.316777
0.450620 0.315689
0.465340 0.316352
0.475676 0.317843
0.481664 0.319484
0.483421 0.320867
0.481081 0.321851
0.474759 0.322554
0.464570 0.323336
0.450665 0.324778
0.433309 0.327652
0.412960 0.332883
0.390343 0.341496
0.366486 0.354543
0.342707 0.372999
0.320530 0.397623
0.301564 0.428769
0.287369 0.466178
0.279352 0.508784
0.278702 0.554677
0.286361 0.601277
0.302982 0.645754
0.328842 0.685533
0.363691 0.718665
0.428462 0.751775
0.477754 0.764671
0.529447 0.769835
0.580757 0.767530
0.629123 0.758155
0.672601 0.742238
0.710049 0.720460
0.741072 0.693702
0.765838 0.663070
0.784880 0.629882
0.798919 0.595598
0.808756 0.561697
0.815202 0.529544
0.819036 0.500277
0.820987 0.474753
0.821711 0.453552
0.821778 0.437023
0.821652 0.425354
0.821673 0.418642
0.822043 0.416947
0.822811 0.420327
0.823870 0.428842
0.824959 0.442543
0.825666 0.461416
0.825449 0.485314
0.823641 0.513866
0.819473 0.546380
0.812083 0.581799
0.800529 0.618703
0.783825 0.655417
0.760984 0.690176
0.731137 0.721309
0.693717 0.747378
0.648743 0.767232
0.597129 0.779981
0.540900 0.784928
0.483090 0.781511
0.427248 0.769283
0.376712 0.747979
0.334026 0.717680
0.300706 0.679049
0.277358 0.633568
0.263942 0.583624
0.260003 0.532295
0.264808 0.482828
0.277383 0.438022
0.296495 0.399797
0.320645 0.369073
0.348111 0.345908
0.377069 0.329748
0.405770 0.319666
0.432723 0.314539
0.456809 0.313184
0.477329 0.314446
0.493952 0.317272
0.506629 0.320756
0.515485 0.324174
0.520721 0.326999
0.522542 0.328911
0.521107 0.329780
0.516507 0.329668
0.508771 0.328806
0.497890 0.327588
0.483865 0.326560
0.466762 0.326400
0.446789 0.327901
0.424359 0.331941
0.400146 0.339441
0.375095 0.351313
0.350396 0.368380
0.327397 0.391271
0.307498 0.420283
0.292044 0.455215
0.282244 0.495224
0.279123 0.538763
0.283513 0.583685
0.296035 0.627530
0.317051 0.667916
0.346572 0.702887
0.384098 0.731090
0.452957 0.758288
0.501236 0.767030
0.550760 0.768822
0.599177 0.763853
0.644412 0.752392
0.684935 0.734800
0.719856 0.711565
0.748863 0.683348
0.772082 0.651028
0.789920 0.615703
0.802939 0.578650
0.811775 0.541221
0.817084 0.504721
0.819515 0.470283
0.819702 0.438787
0.818255 0.410829
0.815754 0.386747
0.812740 0.366675
0.809705 0.350607
0.807077 0.338465
0.805200 0.330149
0.804326 0.325580
0.804598 0.324724
0.806041 0.327610
0.808562 0.334330
0.811949 0.345037
0.815877 0.359919
0.819925 0.379164
0.823585 0.402903
0.826277 0.431132
0.827366 0.463625
0.826163 0.499838
0.821939 0.538860
0.813918 0.579415
0.801293 0.619954
0.783242 0.658819
0.758988 0.694427
0.727901 0.725419
0.689680 0.750734
0.644587 0.769588
0.593687 0.781418
0.538966 0.785796
0.483185 0.782373
0.429443 0.770865
0.380605 0.751105
0.338851 0.723169
0.305516 0.687561
0.281184 0.645401
0.265897 0.598540
0.259357 0.549460
0.261048 0.500948
0.270281 0.455628
0.286181 0.415549
0.307658 0.381974
0.333392 0.355403
0.361882 0.335720
0.391545 0.322385
0.420868 0.314596
0.448552 0.311410
0.473616 0.311828
0.495436 0.314855
0.513719 0.319549
0.528433 0.325063
0.539728 0.330671
0.547850 0.335790
0.553074 0.339985
0.555652 0.342968
0.555782 0.344590
0.553584 0.344826
0.549100 0.343773
0.542298 0.341634
0.533096 0.338716
0.521382 0.335426
0.507060 0.332266
0.490095 0.329827
0.470567 0.328776
0.448721 0.329840
0.425012 0.333779
0.400125 0.341358
0.374963 0.353298
0.350600 0.370218
0.328199 0.392553
0.308930 0.420451
0.293891 0.453655
0.284052 0.491400
0.280235 0.532377
0.283112 0.574806
0.293200 0.616640
0.310838 0.655849
0.336127 0.690686
0.368820 0.719852
0.408196 0.742523
0.479967 0.763124
0.527151 0.767879
0.574495 0.766279
0.620009 0.758458
0.662028 0.744606
0.699381 0.724987
0.731413 0.699981
0.757924 0.670140
0.779040 0.636224
0.795099 0.599217
0.806555 0.560293
0.813915 0.520728
0.817702 0.481778
0.818439 0.444559
0.816642 0.409951
0.812824 0.378558
0.807491 0.350716
0.801148 0.326535
0.794289 0.305961
0.787393 0.288835
0.780910 0.274947
0.775249 0.264075
0.770762 0.256015
0.767731 0.250605
0.766358 0.247735
0.766752 0.247358
0.768928 0.249497
0.772799 0.254243
0.778184 0.261754
0.784806 0.272257
0.792305 0.286026
0.800251 0.303370
0.808157 0.324596
0.815495 0.349963
0.821709 0.379610
0.826226 0.413473
0.828455 0.451193
0.827792 0.492047
0.823610 0.534929
0.815258 0.578412
0.802063 0.620891
0.783351 0.660775
0.758506 0.696656
0.727068 0.727416
0.688893 0.752253
0.644359 0.770621
0.594551 0.782159
0.541332 0.786604
0.487205 0.783734
0.434930 0.773364
0.387062 0.755377
0.345576 0.729828
0.311726 0.697084
0.286113 0.657992
0.268856 0.613988
0.259769 0.567087
0.258480 0.519683
0.264484 0.474200
0.277143 0.432723
0.295655 0.396750
0.319019 0.367113
0.346034 0.344053
0.375342 0.327363
0.405520 0.316529
0.435216 0.310846
0.463269 0.309502
0.488798 0.311633
0.511240 0.316365
0.530328 0.322854
0.546043 0.330315
0.558541 0.338051
0.568086 0.345470
0.574993 0.352100
0.579575 0.357587
0.582112 0.361691
0.582827 0.364276
0.581871 0.365296
0.579321 0.364785
0.575176 0.362848
0.569370 0.359661
0.561780 0.355462
0.552248 0.350559
0.540603 0.345328
0.526691 0.340212
0.510412 0.335721
0.491761 0.332421
0.470869 0.330927
0.448038 0.331881
0.423765 0.335934
0.398745 0.343718
0.373841 0.355807
0.350030 0.372671
0.328341 0.394607
0.309774 0.421662
0.295252 0.453538
0.285580 0.489525
0.281441 0.528472
0.283392 0.568848
0.291871 0.608900
0.307182 0.646863
0.329456 0.681177
0.358572 0.710624
0.394058 0.734372
0.434993 0.751943
0.509283 0.765885
0.555064 0.766745
0.600000 0.761717
0.642439 0.750897
0.681083 0.734426
0.715071 0.712516
0.743962 0.685504
0.767662 0.653894
0.786316 0.618405
0.800221 0.579977
0.809751 0.539738
0.815313 0.498918
0.817322 0.458728
0.816190 0.420246
0.812323 0.384323
0.806132 0.351537
0.798031 0.322207
0.788449 0.296421
0.777826 0.274102
0.766612 0.255057
0.755265 0.239029
0.744232 0.225737
0.733945 0.214899
0.724801 0.206255
0.717154 0.199577
0.711302 0.194681
0.707479 0.191428
0.705847 0.189729
0.706493 0.189547
0.709426 0.190903
0.714572 0.193870
0.721777 0.198581
0.730805 0.205221
0.741345 0.214036
0.753016 0.225320
0.765380 0.239414
0.777958 0.256689
0.790241 0.277523
0.801712 0.302265
0.811856 0.331176
0.820164 0.364356
0.826137 0.401656
0.829284 0.442588
0.829104 0.486279
0.825085 0.531485
0.816690 0.576687
0.803361 0.620272
0.784544 0.660722
0.759739 0.696770
0.728596 0.727472
0.691057 0.752196
0.647529 0.770553
0.599041 0.782308
0.547300 0.787303
0.494563 0.785404
0.443332 0.776486
0.395948 0.760462
0.354272 0.737362
0.319539 0.707442
0.292395 0.671324
0.273041 0.630117
0.261380 0.585444
0.257147 0.539344
0.259960 0.494022
0.269345 0.451537
0.284705 0.413538
0.305286 0.381121
0.330151 0.354830
0.358176 0.334751
0.388102 0.320629
0.418624 0.311982
0.448503 0.308184
0.476681 0.308522
0.502355 0.312233
0.525009 0.318540
0.544399 0.326675
0.560508 0.335909
0.573493 0.345575
0.583619 0.355092
0.591213 0.363975
0.596621 0.371844
0.600170 0.378420
0.602150 0.383514
0.602796 0.387022
0.602281 0.388901
0.600706 0.389170
0.598108 0.387888
0.594458 0.385161
0.589666 0.381132
0.583596 0.375985
0.576071 0.369950
0.566893 0.363306
0.555858 0.356385
0.542780 0.349573
0.527523 0.343312
0.510026 0.338088
0.490339 0.334429
0.468657 0.332890
0.445337 0.334034
0.420914 0.338420
0.396084 0.346570
0.371669 0.358946
0.348569 0.375902
0.327701 0.397631
0.309936 0.424102
0.296064 0.454987
0.286771 0.489607
0.282632 0.526920
0.284120 0.565573
0.291609 0.604027
0.305368 0.640727
0.325532 0.674273
0.352040 0.703541
0.384562 0.727727
0.422407 0.746327
0.464477 0.759079
0.540535 0.766151
0.584115 0.763204
0.625988 0.754832
0.664862 0.741104
0.699783 0.722131
0.730164 0.698106
0.755740 0.669349
0.776498 0.636353
0.792595 0.599815
0.804284 0.560647
0.811868 0.519926
0.815666 0.478818
0.815997 0.438464
0.813170 0.399870
0.807492 0.363826
0.799272 0.330870
0.788828 0.301292
0.776496 0.275172
0.762637 0.252427
0.747639 0.232865
0.731911 0.216225
0.715882 0.202219
0.699987 0.190546
0.684655 0.180918
0.670292 0.173066
0.657277 0.166747
0.645944 0.161750
0.636579 0.157895
0.629415 0.155040
0.624635 0.153075
0.622365 0.151932
0.622681 0.151576
0.625606 0.152016
0.631105 0.153297
0.639088 0.155506
0.649402 0.158772
0.661828 0.163264
0.676080 0.169195
0.691806 0.176820
0.708597 0.186438
0.725994 0.198384
0.743508 0.213032
0.760633 0.230775
0.776872 0.252009
0.791742 0.277099
0.804791 0.306323
0.815595 0.339806
0.823755 0.377436
0.828889 0.418775
0.830613 0.463014
0.828532 0.508973
0.822229 0.555194
0.811259 0.600105
0.795167 0.642206
0.773520 0.680235
0.745975 0.713244
0.712383 0.740603
0.672930 0.761941
0.628278 0.777061
0.579658 0.785859
0.528857 0.788260
0.478031 0.784188
0.429402 0.773568
0.384941 0.756363
0.346139 0.732645
0.313947 0.702698
0.288838 0.667134
0.270932 0.626984
0.260128 0.583714
0.256191 0.539141
0.258804 0.495225
0.267579 0.453817
0.282028 0.416433
0.301539 0.384131
0.325335 0.357498
0.352465 0.336714
0.381832 0.321648
0.412252 0.311954
0.442548 0.307143
0.471654 0.306634
0.498697 0.309785
0.523051 0.315919
0.544341 0.324346
0.562427 0.334380
0.577357 0.345367
0.589320 0.356705
0.598597 0.367862
0.605519 0.378394
0.610435 0.387944
0.613683 0.396249
0.615573 0.403127
0.616371 0.408468
0.616293 0.412219
0.615498 0.414376
0.614089 0.414965
0.612109 0.414042
0.609548 0.411683
0.606343 0.407983
0.602387 0.403058
0.597531 0.397050
0.591596 0.390129
0.584380 0.382501
0.575669 0.374413
0.565253 0.366157
0.552946 0.358072
0.538601 0.350539
0.522141 0.343982
0.503582 0.338857
0.483057 0.335642
0.460841 0.334824
0.437358 0.336887
0.413174 0.342292
0.388982 0.351456
0.365557 0.364729
0.343710 0.382349
0.324240 0.404404
0.307889 0.430773
0.295316 0.461077
0.287088 0.494639
0.283679 0.530491
0.285477 0.567418
0.292791 0.604072
0.305845 0.639104
0.324753 0.671293
0.349474 0.699649
0.379751 0.723441
0.415038 0.742194
0.454455 0.755633
0.496782 0.763631
0.573187 0.763479
0.613831 0.756846
0.652103 0.745233
0.687051 0.728694
0.718026 0.707338
0.744664 0.681360
0.766838 0.651092
0.784592 0.617032
0.798080 0.579878
0.807518 0.540513
0.813145 0.499961
0.815205 0.459306
0.813935 0.419590
0.809559 0.381721
0.802299 0.346406
0.792375 0.314119
0.780019 0.285115
0.765483 0.259459
0.749048 0.237074
0.731030 0.217780
0.711780 0.201335
0.691682 0.187468
0.671147 0.175895
0.650596 0.166334
0.630448 0.158519
0.611104 0.152198
0.592934 0.147142
0.576267 0.143141
0.561383 0.140011
0.548516 0.137589
0.537851 0.135736
0.529535 0.134340
0.523676 0.133311
0.520354 0.132589
0.519624 0.132138
0.521517 0.131953
0.526044 0.132054
0.533188 0.132492
0.542904 0.133347
0.555106 0.134727
0.569664 0.136770
0.586388 0.139642
0.605027 0.143543
0.625261 0.148700
0.646705 0.155373
0.668914 0.163857
0.691406 0.174475
0.713672 0.187583
0.735209 0.203558
0.755531 0.222790
0.774192 0.245650
0.790790 0.272461
0.804971 0.303436
0.816418 0.338609
0.824844 0.377755
0.829970 0.420323
0.831515 0.465397
0.829177 0.511741
0.822629 0.557902
0.811513 0.602382
0.795462 0.643809
0.774129 0.681071
0.747245 0.713368
0.714716 0.740195
0.676733 0.761277
0.633891 0.776490
0.587268 0.785784
0.538416 0.789132
0.489220 0.786500
0.441665 0.777839
0.397558 0.763116
0.358336 0.742364
0.324973 0.715759
0.298013 0.683711
0.277666 0.646957
0.263916 0.606605
0.256610 0.564108
0.255518 0.521151
0.260355 0.479456
0.270775 0.440579
0.286346 0.405755
0.306515 0.375819
0.330584 0.351219
0.357698 0.332080
0.386865 0.318279
0.417014 0.309522
0.447071 0.305397
0.476048 0.305412
0.503121 0.309023
0.527673 0.315644
0.549313 0.324667
0.567860 0.335475
0.583315 0.347464
0.595817 0.360058
0.605601 0.372736
0.612969 0.385040
0.618250 0.396592
0.621782 0.407096
0.623893 0.416336
0.624882 0.424170
0.625014 0.430514
0.624511 0.435338
0.623548 0.438646
0.622254 0.440468
0.620707 0.440853
0.618942 0.439857
0.616948 0.437546
0.614673 0.433991
0.612028 0.429268
0.608890 0.423467
0.605106 0.416689
0.600501 0.409059
0.594879 0.400726
0.588035 0.391875
0.579762 0.382726
0.569862 0.373538
0.558163 0.364612
0.544533 0.356286
0.528900 0.348931
0.511273 0.342944
0.491763 0.338740
0.470598 0.336739
0.448130 0.337359
0.424840 0.341000
0.401314 0.348027
0.378221 0.358756
0.356271 0.373424
0.336177 0.392160
0.318615 0.414942
0.304199 0.441558
0.293463 0.471567
0.286864 0.504282
0.284780 0.538787
0.287524 0.573987
0.295342 0.608702
0.308408 0.641776
0.326804 0.672174
0.350484 0.699054
0.379222 0.721790
0.412554 0.739960
0.449744 0.753311
0.489770 0.761711
0.531378 0.765104
0.606542 0.757402
0.643851 0.747142
0.678295 0.732268
0.709218 0.712842
0.736215 0.688990
0.759093 0.660941
0.777824 0.629067
0.792491 0.593906
0.803244 0.556179
0.810266 0.516763
0.813744 0.476639
0.813863 0.436810
0.810794 0.398213
0.804698 0.361640
0.795727 0.327689
0.784037 0.296751
0.769795 0.269023
0.753188 0.244539
0.734439 0.223211
0.713811 0.204868
0.691612 0.189286
0.668194 0.176215
0.643948 0.165396
0.619293 0.156569
0.594655 0.149488
0.570452 0.143917
0.547076 0.139634
0.524877 0.136434
0.504154 0.134127
0.485148 0.132536
0.468048 0.131500
0.452992 0.130873
0.440074 0.130526
0.429360 0.130345
0.420890 0.130234
0.414688 0.130115
0.410774 0.129931
0.409165 0.129646
0.409882 0.129245
0.412945 0.128736
0.418383 0.128151
0.426222 0.127541
0.436482 0.126982
0.449171 0.126571
0.464272 0.126426
0.481734 0.126685
0.501452 0.127507
0.523261 0.129070
0.546920 0.131574
0.572108 0.135241
0.598427 0.140316
0.625410 0.147069
0.652542 0.155796
0.679287 0.166821
0.705116 0.180491
0.729530 0.197170
0.752086 0.217223
0.772401 0.240991
0.790156 0.268751
0.805088 0.300662
0.816976 0.336690
0.825621 0.376538
0.830829 0.419590
0.832399 0.464889
0.830100 0.511192
0.823676 0.557087
0.812837 0.601152
0.797281 0.642118
0.776719 0.678976
0.750931 0.711014
0.719839 0.737800
0.683606 0.759113
0.642736 0.774870
0.598142 0.785055
0.551154 0.789675
0.503422 0.788721
0.456728 0.782171
0.412761 0.769996
0.372924 0.752202
0.338238 0.728885
0.309331 0.700306
0.286505 0.666971
0.269830 0.629689
0.259228 0.589591
0.254536 0.548077
0.255541 0.506690
0.261990 0.466947
0.273573 0.430178
0.289900 0.397412
0.310472 0.369334
0.334653 0.346304
0.361664 0.328414
0.390600 0.315557
0.420478 0.307481
0.450305 0.303835
0.479155 0.304201
0.506237 0.308107
0.530944 0.315043
0.552867 0.324469
0.571794 0.335825
0.587678 0.348552
0.600612 0.362101
0.610790 0.375960
0.618474 0.389667
0.623968 0.402825
0.627595 0.415112
0.629680 0.426280
0.630536 0.436157
0.630450 0.444635
0.629680 0.451660
0.628447 0.457224
0.626934 0.461349
0.625280 0.464077
0.623585 0.465464
0.621911 0.465569
0.620279 0.464453
0.618679 0.462174
0.617065 0.458785
0.615362 0.454342
0.613468 0.448896
0.611255 0.442508
0.608575 0.435246
0.605261 0.427195
0.601129 0.418459
0.595988 0.409173
0.589640 0.399501
0.581894 0.389640
0.572568 0.379826
0.561507 0.370330
0.548593 0.361457
0.533765 0.353536
0.517027 0.346923
0.498476 0.341982
0.478305 0.339086
0.456818 0.338602
0.434425 0.340880
0.411637 0.346248
0.389035 0.354990
0.367250 0.367335
0.346923 0.383425
0.328671 0.403295
0.313067 0.426832
0.300617 0.453746
0.291760 0.483549
0.286865 0.515545
0.286238 0.548862
0.290131 0.582502
0.298739 0.615424
0.312196 0.646629
0.330554 0.675237
0.353749 0.700536
0.381563 0.721994
0.413577 0.739247
0.449137 0.752072
0.487353 0.760344
0.527134 0.764002
0.567268 0.763024
0.639782 0.747422
0.673180 0.733665
0.703438 0.715669
0.730151 0.693517
0.753102 0.667377
0.772218 0.637528
0.787535 0.604392
0.799154 0.568550
0.807208 0.530736
0.811845 0.491804
0.813209 0.452667
0.811432 0.414224
0.806631 0.377283
0.798915 0.342506
0.788383 0.310377
0.775139 0.281198
0.759300 0.255109
0.741006 0.232116
0.720434 0.212126
0.697805 0.194978
0.673395 0.180472
0.647532 0.168386
0.620592 0.158491
0.592990 0.150560
0.565160 0.144376
0.537535 0.139731
0.510526 0.136426
0.484504 0.134277
0.459782 0.133108
0.436614 0.132752
0.415186 0.133052
0.395625 0.133856
0.378006 0.135025
0.362361 0.136422
0.348691 0.137924
0.336974 0.139416
0.327176 0.140793
0.319261 0.141965
0.313192 0.142854
0.308941 0.143400
0.306490 0.143559
0.305834 0.143306
0.306986 0.142635
0.309972 0.141559
0.314836 0.140112
0.321635 0.138346
0.330438 0.136331
0.341323 0.134157
0.354367 0.131926
0.369642 0.129759
0.387200 0.127787
0.407064 0.126156
0.429207 0.125022
0.453538 0.124554
0.479889 0.124933
0.507999 0.126353
0.537511 0.129026
0.567980 0.133179
0.598886 0.139060
0.629668 0.146941
0.659750 0.157115
0.688581 0.169898
0.715664 0.185622
0.740574 0.204623
0.762967 0.227218
0.782575 0.253675
0.799197 0.284162
0.812675 0.318684
0.822881 0.357023
0.829693 0.398673
0.832978 0.442820
0.832583 0.488363
0.828320 0.534011
0.819973 0.578415
0.807298 0.620321
0.790047 0.658686
0.767999 0.692739
0.741020 0.721980
0.709128 0.746136
0.672581 0.765094
0.631951 0.778834
0.588172 0.787380
0.542519 0.790753
0.496504 0.788960
0.451715 0.781988
0.409626 0.769818
0.371449 0.752459
0.338066 0.730000
0.310023 0.702665
0.287592 0.670883
0.270844 0.635341
0.259723 0.597002
0.254099 0.557072
0.253800 0.516908
0.258624 0.477884
0.268328 0.441255
0.282610 0.408041
0.301084 0.378977
0.323251 0.354512
0.348483 0.334843
0.376026 0.319968
0.405023 0.309742
0.434567 0.303916
0.463756 0.302170
0.491768 0.304129
0.517909 0.309373
0.541655 0.317448
0.562657 0.327869
0.580737 0.340129
0.595861 0.353717
0.608119 0.368124
0.617685 0.382869
0.624802 0.397514
0.629749 0.411673
0.632828 0.425031
0.634346 0.437339
0.634606 0.448420
0.633894 0.458161
0.632473 0.466504
0.630578 0.473435
0.628410 0.478979
0.626139 0.483179
0.623897 0.486098
0.621783 0.487803
0.619862 0.488362
0.618169 0.487839
0.616707 0.486292
0.615456 0.483770
0.614369 0.480315
0.613375 0.475962
0.612386 0.470742
0.611293 0.464686
0.609968 0.457828
0.608269 0.450209
0.606041 0.441884
0.603115 0.432928
0.599318 0.423436
0.594468 0.413532
0.588387 0.403371
0.580905 0.393139
0.571866 0.383055
0.561139 0.373369
0.548631 0.364358
0.534300 0.356322
0.518165 0.349576
0.500322 0.344446
0.480956 0.341257
0.460341 0.340330
0.438845 0.341973
0.416919 0.346469
0.395078 0.354068
0.373878 0.364971
0.353890 0.379316
0.335667 0.397150
0.319728 0.418409
0.306539 0.442885
0.296505 0.470214
0.289971 0.499856
0.287229 0.531111
0.288519 0.563154
0.294036 0.595083
0.303928 0.625994
0.318285 0.655047
0.337121 0.681516
0.360347 0.704822
0.387731 0.724534
0.418871 0.740358
0.453164 0.752111
0.489811 0.759685
0.527849 0.763025
0.566220 0.762102
0.603856 0.756903
0.672019 0.733022
0.701261 0.715830
0.727251 0.694747
0.749774 0.669905
0.768743 0.641532
0.784165 0.609974
0.796110 0.575720
0.804681 0.539397
0.809993 0.501752
0.812160 0.463604
0.811287 0.425787
0.807464 0.389085
0.800768 0.354168
0.791263 0.321562
0.779014 0.291634
0.764088 0.264593
0.746570 0.240518
0.726571 0.219381
0.704244 0.201080
0.679793 0.185462
0.653479 0.172343
0.625626 0.161530
0.596611 0.152822
0.566855 0.146024
0.536806 0.140951
0.506912 0.137424
0.477599 0.135276
0.449251 0.134346
0.422188 0.134484
0.396667 0.135544
0.372868 0.137386
0.350906 0.139872
0.330839 0.142868
0.312673 0.146243
0.296379 0.149866
0.281900 0.153611
0.269165 0.157354
0.258093 0.160977
0.248601 0.164367
0.240609 0.167420
0.234047 0.170043
0.228850 0.172153
0.224971 0.173682
0.222372 0.174577
0.221035 0.174801
0.220952 0.174338
0.222137 0.173186
0.224617 0.171365
0.228439 0.168912
0.233664 0.165882
0.240372 0.162350
0.248658 0.158402
0.258631 0.154142
0.270410 0.149683
0.284121 0.145150
0.299890 0.140678
0.317834 0.136404
0.338047 0.132475
0.360587 0.129042
0.385457 0.126258
0.412587 0.124285
0.441813 0.123289
0.472866 0.123446
0.505367 0.124944
0.538833 0.127984
0.572700 0.132784
0.606357 0.139584
0.639183 0.148644
0.670594 0.160245
0.700075 0.174686
0.727198 0.192273
0.751634 0.213303
0.773143 0.238037
0.791560 0.266659
0.806775 0.299223
0.818710 0.335597
0.827296 0.375403
0.832462 0.417984
0.834112 0.462404
0.832124 0.507510
0.826340 0.552043
0.816571 0.594769
0.802612 0.634604
0.784256 0.670698
0.761340 0.702459
0.733789 0.729527
0.701682 0.751731
0.665328 0.769019
0.625318 0.781409
0.582559 0.788940
0.538243 0.791646
0.493749 0.789538
0.450500 0.782610
0.409810 0.770848
0.372764 0.754260
0.340153 0.732916
0.312483 0.707001
0.290015 0.676868
0.272835 0.643090
0.260907 0.606476
0.254133 0.568064
0.252372 0.529047
0.255462 0.490674
0.263212 0.454130
0.275387 0.420429
0.291689 0.390352
0.311731 0.364426
0.335016 0.342944
0.360926 0.326003
0.388734 0.313552
0.417629 0.305432
0.446766 0.301406
0.475324 0.301183
0.502561 0.304423
0.527862 0.310752
0.550763 0.319756
0.570960 0.330995
0.588297 0.344004
0.602751 0.358306
0.614401 0.373427
0.623410 0.388908
0.629996 0.404327
0.634419 0.419310
0.636958 0.433541
0.637905 0.446772
0.637550 0.458818
0.636171 0.469560
0.634033 0.478933
0.631377 0.486920
0.628415 0.493540
0.625335 0.498843
0.622290 0.502892
0.619405 0.505765
0.616772 0.507540
0.614457 0.508295
0.612499 0.508101
0.610910 0.507019
0.609682 0.505101
0.608785 0.502389
0.608173 0.498913
0.607780 0.494694
0.607528 0.489748
0.607321 0.484086
0.607051 0.477718
0.606599 0.470657
0.605832 0.462924
0.604607 0.454553
0.602772 0.445591
0.600169 0.436106
0.596635 0.426193
0.592006 0.415970
0.586123 0.405587
0.578836 0.395221
0.570013 0.385080
0.559548 0.375396
0.547368 0.366427
0.533450 0.358445
0.517824 0.351736
0.500590 0.346593
0.481926 0.343306
0.462087 0.342160
0.441408 0.343425
0.420294 0.347352
0.399209 0.354161
0.378650 0.364032
0.359129 0.377089
0.341146 0.393385
0.325174 0.412881
0.311638 0.435423
0.300915 0.460723
0.293330 0.488351
0.289155 0.517735
0.288619 0.548181
0.291912 0.578913
0.299184 0.609125
0.310539 0.638036
0.326029 0.664942
0.345631 0.689250
0.369222 0.710494
0.396552 0.728334
0.427214 0.742536
0.460632 0.752954
0.496065 0.759500
0.532643 0.762127
0.569422 0.760807
0.605462 0.755522
0.639902 0.746260
0.702363 0.713682
0.727294 0.693141
0.748999 0.669075
0.767393 0.641682
0.782474 0.611269
0.794291 0.578261
0.802928 0.543212
0.808477 0.506784
0.811031 0.469717
0.810672 0.432775
0.807472 0.396691
0.801486 0.362115
0.792757 0.329579
0.781321 0.299471
0.767216 0.272042
0.750488 0.247418
0.731205 0.225618
0.709468 0.206586
0.685424 0.190210
0.659279 0.176343
0.631299 0.164820
0.601817 0.155471
0.571224 0.148124
0.539956 0.142616
0.508470 0.138789
0.477226 0.136497
0.446652 0.135602
0.417131 0.135973
0.388977 0.137486
0.362433 0.140022
0.337665 0.143463
0.314769 0.147696
0.293782 0.152603
0.274689 0.158067
0.257439 0.163969
0.241954 0.170187
0.228138 0.176598
0.215886 0.183075
0.205091 0.189493
0.195647 0.195727
0.187453 0.201655
0.180416 0.207159
0.174452 0.212130
0.169487 0.216466
0.165460 0.220076
0.162320 0.222883
0.160028 0.224823
0.158558 0.225849
0.157898 0.225929
0.158044 0.225051
0.159011 0.223221
0.160822 0.220461
0.163518 0.216814
0.167150 0.212340
0.171787 0.207117
0.177510 0.201236
0.184419 0.194804
0.192624 0.187940
0.202253 0.180773
0.213447 0.173438
0.226355 0.166075
0.241136 0.158828
0.257948 0.151841
0.276941 0.145258
0.298242 0.139220
0.321944 0.133868
0.348081 0.129342
0.376612 0.125784
0.407394 0.123337
0.440169 0.122150
0.474557 0.122380
0.510058 0.124199
0.546076 0.127793
0.581960 0.133364
0.617045 0.141139
0.650702 0.151364
0.682380 0.164303
0.711631 0.180233
0.738113 0.199430
0.761592 0.222147
0.781920 0.248583
0.799013 0.278841
0.812827 0.312873
0.823336 0.350431
0.830514 0.391020
0.834317 0.433884
0.834674 0.478036
0.831483 0.522331
0.824608 0.565582
0.813885 0.606683
0.799137 0.644699
0.780192 0.678930
0.756927 0.708908
0.729306 0.734369
0.697442 0.755201
0.661656 0.771390
0.622527 0.782971
0.580906 0.789993
0.537887 0.792496
0.494726 0.790495
0.452711 0.783987
0.413037 0.772962
0.376698 0.757420
0.344438 0.737414
0.316744 0.713085
0.293886 0.684714
0.275968 0.652766
0.262982 0.617912
0.254854 0.581033
0.251473 0.543173
0.252707 0.505462
0.258404 0.469017
0.268382 0.434840
0.282413 0.403751
0.300201 0.376352
0.321359 0.353026
0.345394 0.333966
0.371702 0.319209
0.399584 0.308680
0.428271 0.302219
0.456976 0.299606
0.484943 0.300574
0.511496 0.304817
0.536078 0.311993
0.558271 0.321728
0.577802 0.333614
0.594531 0.347222
0.608436 0.362102
0.619589 0.377806
0.628136 0.393895
0.634278 0.409959
0.638250 0.425629
0.640316 0.440591
0.640748 0.454590
0.639823 0.467436
0.637812 0.478999
0.634977 0.489207
0.631560 0.498035
0.627782 0.505497
0.623840 0.511640
0.619905 0.516532
0.616117 0.520254
0.612591 0.522893
0.609414 0.524540
0.606647 0.525277
0.604328 0.525184
0.602474 0.524328
0.601083 0.522766
0.600135 0.520541
0.599597 0.517688
0.599419 0.514226
0.599543 0.510168
0.599897 0.505517
0.600399 0.500272
0.600956 0.494426
0.601466 0.487976
0.601818 0.480919
0.601891 0.473259
0.601555 0.465013
0.600674 0.456211
0.599105 0.446899
0.596701 0.437148
0.593312 0.427050
0.588792 0.416724
0.583001 0.406316
0.575810 0.395998
0.567107 0.385968
0.556806 0.376447
0.544856 0.367672
0.531249 0.359896
0.516030 0.353381
0.499302 0.348391
0.481239 0.345187
0.462082 0.344026
0.442142 0.345147
0.421792 0.348774
0.401450 0.355100
0.381568 0.364285
0.362609 0.376442
0.345026 0.391621
0.329249 0.409795
0.315671 0.430840
0.304640 0.454521
0.296457 0.480482
0.291380 0.508241
0.289624 0.537207
0.291370 0.566706
0.296764 0.596020
0.305917 0.624435
0.318895 0.651287
0.335711 0.675995
0.356303 0.698080
0.380513 0.717177
0.408058 0.733020
0.438519 0.745431
0.471330 0.754295
0.505787 0.759546
0.541091 0.761143
0.576392 0.759061
0.610859 0.753280
0.643739 0.743788
0.674401 0.730583
0.304462 0.667125
